"","B_cells_naive","B_cells_memory","Plasma_cells","T_cells_CD8","T_cells_CD4_naive","T_cells_CD4_memory_resting","T_cells_CD4_memory_activated","T_cells_follicular_helper"
"1",0.0284970293468046,0.0212763187673032,0.268931350653038,0.0585033739879342,0.117990847150189,0.0109895971912999,3.08149244757362e-10,0.493811482595283
"2",0.012488349891231,0.0229742205436224,0.261617231433088,0.051732161097448,0.109250894454064,0.0123535281487345,1.11796195391837e-10,0.529583614320016
"3",0.0330435856808894,0.010044744456989,0.237892951426441,0.0466411860874696,0.0443292799316199,0.00995944378545255,3.25977167265428e-10,0.618088808305161
"4",0.0708959118141667,0.0198012938445271,0.29564736285382,0.108189057106555,0.111972718440997,0.0107109050120056,2.08160819852266e-10,0.382782750719768
"5",0.0775050613834348,0.024490275492435,0.285803159766533,0.0922040476643787,0.120155905980555,0.0123535015977818,2.00031476001576e-10,0.387488047914851
"6",0.0379521177708101,0.0171197035223285,0.26125333570182,0.0728159434614776,0.0972835809785848,0.0101193903492535,1.58938290062525e-09,0.503455926626342
"7",0.0162217800933834,0.0223268326004102,0.262464633960241,0.0394608661813229,0.109708655432412,0.0121439479187768,5.37378881798517e-10,0.537673283276074
"8",0.0859206471084817,0.0175235213901605,0.319098994581207,0.111982966614095,0.120694464590972,0.0133104302850635,4.00120492941556e-09,0.331468971428816
"9",0.0208141925070523,0.0213512191183013,0.204752028528649,0.0609577554838075,0.109063773393711,0.0104275551115742,9.75140411993766e-09,0.5726334661055
"10",0.0179188505879305,0.0193318284900884,0.23618358406989,0.0568876809560764,0.165018700605538,0.00886403493625273,5.36366645525439e-09,0.495795314990558
"11",0.091568644074348,0.018429332864112,0.326952403635735,0.0924740632628262,0.130659387178736,0.0123298781674804,2.59281498230921e-10,0.327586290557481
"12",0.0386635358001145,0.0150586051778604,0.188445690710557,0.0682276476830871,0.0808213170810992,0.0111398379970987,3.13038769218499e-11,0.597643365518879
"13",0.0374463018883774,0.0177552586529484,0.26124447618163,0.0549969170445936,0.129703380137186,0.00984005292898718,7.97822698076962e-10,0.489013612368454
"14",0.0508972743680191,0.0209484852211713,0.268002777746205,0.0859803171644579,0.125833353418272,0.0124630724690435,1.39736852698656e-09,0.435874718215463
"15",0.0237181689444108,0.024698473655702,0.261838753660757,0.0422490345625066,0.139019078197032,0.0112445503338133,1.30283028986679e-11,0.49723194063275
"16",0.0406523258394034,0.0188793220174042,0.273843094738464,0.0822226075625288,0.133826083265581,0.0101859522082186,7.57713068367098e-09,0.440390606791269
"17",0.047034477547635,0.0147738093708998,0.227307441519032,0.064440838941314,0.0870807486393729,0.00933736800474002,1.80388419206814e-09,0.550025314173122
"18",0.049081002489811,0.0205607312991312,0.212346610637502,0.0613996758635902,0.117045622272015,0.0104091264061913,1.23274478913105e-10,0.529157230908486
"19",0.0640613240652835,0.0212425942908133,0.232805105510969,0.0791763300609044,0.127196907970569,0.0124292400812856,2.73673735453393e-10,0.463088497746501
"20",0.0163956920813288,0.0194364222296228,0.290859444235392,0.0439497816772729,0.0787834469336397,0.0110433612264851,5.03986884646082e-10,0.539531851112272
"21",0.0242025877427957,0.0219837129389219,0.227809048392635,0.061543878209729,0.128903851036998,0.0101808040524807,2.90420214484941e-09,0.525376114722237
"22",0.0426292521805182,0.021992614914888,0.26980087094527,0.0595171225396584,0.0969678509668769,0.00935068842398761,4.04013331006263e-10,0.499741599624787
"23",0.0584409388275114,0.0245308348032207,0.240749739641951,0.0749405094377763,0.117634632045434,0.00925725988110296,3.57198501818837e-08,0.474446049643153
"24",0.0560892423153399,0.0204914319460379,0.275990888961761,0.0880449628631739,0.0866127217398331,0.00791689179509858,5.37548949545894e-11,0.464853860325001
"25",0.0155704140405145,0.0137478502467234,0.260106035801163,0.0677236024979389,0.17391316611159,0.0137881128387225,1.86688051523104e-09,0.455150816596468
"26",0.0837010370763505,0.0176847731488815,0.317963543340049,0.103215221288079,0.131781997521655,0.0102172236892105,1.63014012496912e-11,0.335436203919473
"27",0.0458744589973328,0.0203883606760922,0.261566328895499,0.0887706846369117,0.10929506559293,0.00963337466442351,5.96943141773214e-11,0.464471726477117
"28",0.0626860464102619,0.0213434218903301,0.263547056944985,0.0752429376557478,0.0988730344758092,0.0088865347363052,4.80234566956108e-10,0.469420967406326
"29",0.0240554612789303,0.021148305684375,0.274275147195434,0.0717834630634257,0.113417724521459,0.00957065343675846,9.13987862325588e-10,0.48574924390563
"30",0.0744713000527567,0.016551483078336,0.280885429783124,0.0911119126579298,0.112180399045347,0.00821755145563755,2.3536541672795e-10,0.416581923691504
"31",0.006819015306557,0.0206515517712253,0.215024896643534,0.0453405273978693,0.0681726589786862,0.00932543185941444,8.74895187187658e-11,0.634665917955224
"32",0.0187045435918766,0.0184043200462519,0.176875154399658,0.0589568497743047,0.103191138794135,0.00824792748872953,9.01481984723989e-10,0.615620065003562
"33",0.0705261672853605,0.0215233900216481,0.244922519503345,0.0606349756553403,0.120953241194182,0.0127117012329601,1.37992705749234e-10,0.468728004969171
"34",0.026632386857358,0.0220037923679198,0.245518984212011,0.0622566212651547,0.112397145616433,0.00909711026404343,4.66896783530835e-10,0.522093958950183
"35",0.0183655617435223,0.0224672906263518,0.225512014409407,0.0522439437432681,0.109644487564323,0.0110149230010617,1.32717188794114e-10,0.560751778779349
"36",0.0435254762834606,0.0192228308721564,0.262592908868948,0.0546553359391572,0.122622776658901,0.0102013276519532,5.36581800265374e-13,0.487179343724887
"37",0.065556091251286,0.0223812040536121,0.276177129653573,0.0748599620188804,0.123270368940905,0.0114508312997996,3.92593296955708e-10,0.426304412389351
"38",0.0122159445886086,0.0191885593514232,0.228964626521315,0.0360320952331943,0.0973126006022457,0.00649172483439662,3.78083518603131e-10,0.599794448490733
"39",0.0355850895704864,0.0191665305482072,0.225690516349339,0.0703863508174268,0.148184898166538,0.00794454522349452,3.5780465565814e-07,0.493041711519853
"40",0.0721283233022038,0.0252917227177027,0.248209525448343,0.0825262905084022,0.102171558440262,0.0117732234487493,4.63119203538015e-09,0.457899351503146
"41",0.0444438351498438,0.0234582217224448,0.295647900544978,0.080702489704649,0.134781050852317,0.0130893044210437,7.74467824183719e-10,0.407877196830256
"42",0.0339304111762778,0.0182423355379247,0.225086143537945,0.0559460045822195,0.109715370425817,0.0093861519605109,0.000200216469902025,0.547493366309403
"43",0.042821894691228,0.0183484982565042,0.264742334153832,0.0917177893165555,0.139443009373366,0.0118808055454741,1.96467303967042e-09,0.431045666698367
"44",0.0459779089187822,0.0233256195003892,0.300501708226989,0.0799356629422343,0.147014031412946,0.0117365136309908,1.58178081985221e-09,0.391508553785888
"45",0.058984939148011,0.0211071840865993,0.284339130417655,0.0652009634295221,0.0902411131140138,0.0124751604460444,2.7919811513304e-10,0.467651509078956
"46",0.0426018952697437,0.0195045733822177,0.237639080147354,0.0632809971312331,0.105201854284191,0.00919147528540956,1.85883580018141e-10,0.522580124313967
"47",0.052731264168347,0.0215575104697446,0.214039716160625,0.0580779120222787,0.108212763924263,0.00907731239016664,8.15278851675448e-10,0.536303520049296
"48",0.0399003853289737,0.0219523682995478,0.310328141686293,0.102203028624961,0.11771540548562,0.0129750521488746,2.2338685421343e-09,0.39492561619186
"49",0.012297819140258,0.0214530449039789,0.256739319232468,0.0437307029556175,0.0803776226105718,0.0107304957860151,9.47435216491178e-11,0.574670995276348
"50",0.013546534123692,0.0220080607882842,0.254918329791281,0.0586491614729191,0.162921267685225,0.0116164537489637,4.63782999294196e-11,0.476340192343257
"51",0.032973162125546,0.020579185518472,0.239428191916933,0.0653818908947468,0.155314393512346,0.00974714458044621,9.29920418617925e-10,0.476576030521589
"52",0.0458235975149806,0.0256198573112584,0.208385770606462,0.0528327465331006,0.131213415094152,0.0119677331257316,1.44523434261166e-09,0.52415687836908
"53",0.035775955659634,0.025318130138009,0.262083594489712,0.0742264948752905,0.134720341752938,0.0139725243230745,9.79122601266264e-10,0.453902957782219
"54",0.0153120518517699,0.0165098593850396,0.240915808426185,0.0601866558305832,0.0815113897252947,0.0114191683601698,2.76074548404718e-10,0.574145066144883
"55",0.0435733215651641,0.021973067995806,0.221364155005503,0.0459647056262605,0.111606494257441,0.0115844783092254,2.2115374372938e-09,0.543933775029063
"56",0.052647109915322,0.0215732686056114,0.279015932825633,0.0707501045215172,0.122766635653062,0.0122874113729844,1.17326741466759e-08,0.440959525373196
"57",0.0400737592859116,0.0218579662880974,0.207268664522508,0.0582875658248355,0.127564641947959,0.0101077011797846,1.34273153861981e-09,0.534839699608172
"58",0.00632222836674447,0.0168079157564218,0.166759492411341,0.0543110825622507,0.0627132821309015,0.00723676610389208,5.22576669948437e-08,0.685849180410781
"59",0.0320935117834362,0.0209114666422022,0.201785621160789,0.0649230587034297,0.0964835482557409,0.00985422876461879,1.67015413067108e-10,0.573948564522768
"60",0.0341254661618999,0.0208465689569407,0.221313077143076,0.0571522016249662,0.110501468240499,0.0109238185269352,4.70629243916712e-09,0.54513739463939
"61",0.0359105167578361,0.0233046124021737,0.253867675427759,0.0760551890077563,0.123887416872,0.0120193989472657,4.24410268691502e-10,0.474955190160799
"62",0.00617967593797828,0.0200735960520083,0.23829981787829,0.0936268606430998,0.0852407618766294,0.00745889922738758,1.04826872034366e-08,0.54912037790192
"63",0.0291689152733093,0.0189414718995679,0.18810653116109,0.0533836947398628,0.127058207111714,0.00944059894356778,7.44992626737853e-10,0.573900580125895
"64",0.0397253609173721,0.0209725853301498,0.255029870474401,0.0605824642659068,0.146919995282222,0.0106625631379425,1.27518879877422e-07,0.466107033073126
"65",0.0267865507105536,0.0190026979129137,0.234405355603955,0.0703126304584755,0.136509144479577,0.0115077533836053,1.21408559359904e-09,0.501475866236834
"66",0.0525029003471343,0.0230770499939304,0.248503535685509,0.0616024680770152,0.127193573685491,0.0150202718613862,0.00010131290425374,0.47199888744528
"67",0.0281715189492309,0.0191860562397117,0.202693087608075,0.0433002542548917,0.124772748287665,0.00916979178236391,2.01163400330858e-10,0.572706542676898
"68",0.0352173671231237,0.0193796852090754,0.232730925706507,0.0774497575573806,0.193871383283358,0.0122079769924988,3.51564181557825e-10,0.429142903776493
"69",0.0502951046695372,0.0216844034129031,0.263363123210167,0.0529933260352988,0.106563604887115,0.0105583712553203,8.08678660753283e-10,0.49454206572098
"70",0.0651805866666106,0.0245358442890356,0.258645877401353,0.0832899266570755,0.134606616281038,0.0125247966241039,1.02563563332632e-09,0.421216351055147
"71",0.00813299294113522,0.0144199152357063,0.166813674875854,0.0562310881917035,0.0672596899626075,0.00809371171953932,9.30125333552773e-10,0.679048926143329
"72",0.0203469395423117,0.012436499546889,0.254839042701749,0.0904445210212796,0.0600659011622229,0.00927729370021097,1.22388667895193e-09,0.552589801101451
"73",0.0190612348395799,0.00991242672476922,0.168888408064186,0.0601003039792925,0.0588221064494991,0.00690697900673055,4.77414052094655e-10,0.676308540458529
"74",0.0237968670195174,0.0199160844923169,0.301680790924248,0.100028034775004,0.130149665706773,0.013748987499074,2.10676820068534e-10,0.41067956937239
"75",0.0537335111704158,0.0232501443454594,0.247188171814602,0.0653737084508408,0.115092531998088,0.0103574250957419,1.09321483777476e-09,0.485004506031637
"76",0.0558230782976853,0.0228006483017466,0.405595216161171,0.226642223672758,0.279114605347197,0.00822012784600683,4.15428767962076e-06,0.00179994608575516
"77",0.0519585183444852,0.0225706979075028,0.243082641507739,0.0878397090644955,0.145170218724072,0.0121352587035752,2.76630994541289e-10,0.437242955471499
"78",0.0485596638597701,0.0137736612347008,0.266761666358347,0.0722958156462636,0.12667872301092,0.00807732863719928,1.14859010109512e-10,0.46385314113794
"79",0.0096896196013109,0.0178796246814813,0.216047088631395,0.0774576705453207,0.124191534754349,0.0117974484284263,0.000794732210665338,0.542142281147052
"80",0.029353755130813,0.0149430152336776,0.264873249077591,0.0896410158009253,0.195111776691019,0.0100246655736043,1.5056696670323e-09,0.3960525209867
"81",0.0429023750609308,0.0183232977567234,0.18927827549132,0.0470305182487571,0.0973174882870975,0.0077523512400712,8.19801211658381e-11,0.59739569383312
"82",0.00705671494545188,0.026019400919012,0.230208897522062,0.059851875472251,0.102193674442322,0.00940473453865714,4.79734630866362e-10,0.565264701680509
"83",0.038324277972798,0.0186954199558062,0.243777748313878,0.0547952118160436,0.165568595480762,0.00869257510722948,8.91915534555479e-11,0.470146171264292
"84",0.0182770079008545,0.02072500661956,0.230478420161088,0.0610690600976828,0.130835862124796,0.00980353556123792,4.5649394581847e-10,0.528811107078287
"85",0.0856283782160197,0.0203503887622877,0.272775064164015,0.117904605378172,0.0937519748619634,0.0129423177469756,6.37846742085891e-10,0.396647270232719
"86",0.0156438289259587,0.0168476084596189,0.217775973614478,0.0593516246954384,0.1439959316475,0.00975637770922988,4.47726058438139e-10,0.53662865450005
"87",0.0677466880458418,0.0178574409001861,0.30660885236389,0.0782919892105022,0.0977586564108058,0.010781175058775,6.57654552905907e-10,0.420955197352345
"88",0.0392304745309448,0.0227486742856062,0.276831378506441,0.0956988388697247,0.0962294920124367,0.0125402738987642,1.9103562202306e-09,0.456720865985726
"89",0.0099910491884285,0.0232598442081266,0.239077702503367,0.0498126273649637,0.109452585474345,0.0106432060594371,1.15431091119653e-10,0.557762985085901
"90",0.028854541030843,0.0214649085451751,0.246928979841437,0.0737322684199983,0.147144180820401,0.0106089903724803,1.55944090897828e-08,0.471266115375257
"91",0.0386936150357666,0.0215105288677659,0.266667675029469,0.0876842860095451,0.130977255251482,0.0122601647281631,7.95252170859655e-10,0.442206474282556
"92",0.0459860977782726,0.0240203712421137,0.289040190490946,0.0758884317146541,0.10860943866808,0.0102663368435161,8.61039668463411e-10,0.446189132401378
"93",0.0327607173736257,0.0155194476476977,0.216973957786305,0.0952413144444735,0.0957040041290749,0.00878468586324256,1.15727171318557e-09,0.535015871598309
"94",0.0267204585428087,0.0229731874062022,0.218113523577483,0.0459606498646335,0.112282307763437,0.00928219292260002,8.05470815029444e-10,0.564667679117365
"95",0.0237599592547937,0.0229414077122773,0.21884012448648,0.0900154309475495,0.107676232646758,0.0117286141348177,1.81052308226846e-10,0.525038230636271
