"","B_cells_naive","B_cells_memory","Plasma_cells","T_cells_CD8","T_cells_CD4_naive","T_cells_CD4_memory_resting","T_cells_CD4_memory_activated","T_cells_follicular_helper"
"1",0.037379595714198,0.0212452297195267,0.260220622600714,0.16747978915363,0.118246357492129,0.0139791912303231,1.55471964808304e-08,0.381449198542283
"2",0.0294388594533896,0.0145178321324389,0.234204140534348,0.0668809310660593,0.115709038959421,0.0096496097089308,3.0534733094971e-10,0.529599587840065
"3",0.0154807258345298,0.021086614465164,0.199635601565039,0.0654419764348129,0.126729081668391,0.0124849967837104,7.86490534674896e-10,0.559141002461863
"4",0.012150772428863,0.0139773083423463,0.161741194330557,0.0540888232224894,0.102972023591044,0.0101582107079211,2.24547183790381e-11,0.644911667354324
"5",0.0206237620779929,0.0160851004667358,0.236716403892676,0.0876540448696553,0.114723269741379,0.00962796211381937,1.70398018426542e-09,0.514569455133762
"6",0.00548044912278478,0.0137325787799716,0.185979927479619,0.0364467960733579,0.0661922581348499,0.00815063064422515,1.20022818223207e-10,0.684017359645169
"7",0.021229639470401,0.0170776712449718,0.229530066289346,0.0617884677331323,0.106983983012798,0.00990507434276931,8.39619153796935e-11,0.553485097822619
"8",0.015112522178106,0.0129967722858596,0.200298257427835,0.106457781567685,0.0861484437088771,0.00951597781066385,1.24557189163292e-10,0.569470244896416
"9",0.0185385567368835,0.0110783149123043,0.183836971552439,0.0916734003012415,0.0767504785935673,0.00913951222768386,2.82633009588896e-10,0.608982765393248
"10",0.0325973264952386,0.0146435401524631,0.232788581625273,0.0606570346835653,0.0950135966242114,0.00708198582646604,2.196554911225e-08,0.557217912627234
"11",0.0414565904084186,0.0139401634010063,0.231716367756578,0.0773144395400817,0.10241687167438,0.0139953881028079,6.06834101604574e-10,0.519160178509893
"12",0.0310325696501244,0.0163931991895273,0.223066953999157,0.0517871961891645,0.0973986869268482,0.0101357695764282,1.41952247458765e-09,0.570185623049228
"13",0.0331812128896958,0.0100919128807914,0.136347695087618,0.0671756360835048,0.0651457302409126,0.00760904200131053,3.42322544341196e-11,0.680448770781934
"14",0.0110689747400923,0.0161991743107995,0.249822869180122,0.0643985656553303,0.0888436022463913,0.0131267221172031,1.30901075075166e-10,0.556540091619161
"15",0.00482539870502225,0.0116551155383253,0.115148651805008,0.0453428683466099,0.0765242979021644,0.00778414701912807,1.34740470236893e-10,0.738719520549001
"16",0.00188498239124637,0.0174204191386679,0.113288367007366,0.0524060718599068,0.0954132430324459,0.00706495442163886,3.3308563987938e-10,0.712521961815642
"17",0.00335907738507601,0.0161516171534493,0.174041430585788,0.0430468266729154,0.0966784817614129,0.00925937372666389,2.27692332264428e-11,0.657463192691925
"18",0.0169278814901193,0.0182200465981367,0.217219154397166,0.0572767948108884,0.119167456246862,0.00963509328699602,8.80394632261816e-10,0.561553572289437
"19",0.0598796550468449,0.0123237569902076,0.239376783258437,0.0830614319987923,0.079446646089466,0.00907834378500909,3.88379536881472e-09,0.516833378947448
"20",0.00297529343710679,0.0105466490106023,0.21078436918655,0.111844998777505,0.0615752899384788,0.0104301317974779,1.38428185957192e-10,0.591843267713851
"21",0.012328510737222,0.0114071158382781,0.131776177308557,0.0466750314713757,0.0569625180384237,0.0100752086443608,4.44156813694134e-09,0.730775433520215
"22",7.617079386943e-09,0.0163718240236089,0.176903267055815,0.0408484836893574,0.0903486564785216,0.00925567780831962,1.95396136517869e-11,0.666272083307759
"23",0.0622767308029441,0.0205011494632619,0.27818999237557,0.0836374241340313,0.133992541485459,0.0121570729231998,1.04929636509749e-10,0.409245088710604
"24",0.02184070813119,0.0227890321551403,0.189588560643116,0.0677111831381797,0.149945121511791,0.00800578010671092,1.51382355917431e-09,0.540119612800048
"25",0.0186429208005219,0.00961409375266423,0.185615051372658,0.0893278041456322,0.0770445742628874,0.0086395114840981,3.73381366466074e-10,0.611116043808157
"26",0.0103083205857013,0.0190576082841908,0.172933624243208,0.0512752545870416,0.074046678760004,0.0107685668789651,2.07813413952515e-10,0.661609946453076
"27",0.0262089285686145,0.0159906707486415,0.183638924701287,0.0578287004381077,0.0803103308723593,0.00819095243415815,4.32946782732713e-10,0.627831491803885
"28",0.0746576085201611,0.018058955160023,0.346395461508626,0.0897259951467505,0.0619061059342694,0.0133733067119507,2.22298501589e-09,0.395882564795234
"29",0.0247982747605172,0.0177296893954549,0.213853553270286,0.108018305179691,0.102136109515757,0.0118444952617983,2.93305725359785e-09,0.521619569683439
"30",0.00779525928172119,0.0154064289081274,0.196389341807632,0.0501545784858039,0.0931511785685402,0.00780504918791063,2.77840906416875e-11,0.629298163732481
"31",0.00369497295518105,0.0220041923509654,0.216992090570891,0.0437737777003781,0.0889583048782608,0.00894633868280678,2.29091831268428e-10,0.615630322632425
"32",0.0486335036155419,0.0126790633513088,0.196934453789483,0.0738561202618456,0.0700755490569046,0.0102532699658009,2.39341317091156e-09,0.587568037565702
"33",0.0187899539234818,0.0194877978952812,0.233505450422327,0.0421167922817068,0.115811895706422,0.0115268636352105,2.05378699260054e-10,0.558761245930191
"34",0.0107157505779236,0.00963512282305807,0.151313575701219,0.0728570039206503,0.068270741120448,0.00707870720843857,3.46016285482475e-10,0.680129098302246
"35",0.0132745846403417,0.0141211928097457,0.231262502744712,0.0532404231040906,0.0770003653032563,0.00876844015981397,4.70397625130976e-10,0.602332490767642
"36",0.0127824811928215,0.0165468184144125,0.24136436281588,0.0719440068408257,0.105154470603681,0.00776648531043951,1.23653948905012e-10,0.544441374698286
"37",0.00612733828657034,0.0148201013783241,0.156683032416105,0.0436583168658235,0.0703075338929535,0.00781081918786867,4.67255959029774e-11,0.700592857925629
"38",0.00636529781948375,0.010017253953442,0.175217263046645,0.0778806511505002,0.0829171628613654,0.00969273286040153,3.15194864448659e-11,0.637909638276643
"39",0.0124974343344833,0.0091395653756363,0.149378796028368,0.0374922817770888,0.0646715125009632,0.00647125164046664,3.70800726773719e-10,0.720349157972193
"40",0.000410715721721114,0.0143387837042106,0.131270832138629,0.0504517396418233,0.0786913624761426,0.00795042152163911,3.35592965131593e-10,0.716886144460241
"41",0.06261654011901,0.0195236511713934,0.277099078669676,0.14020926926147,0.102441119798585,0.0111286456988031,1.66470331339123e-11,0.386981695264415
"42",0.0571212327174339,0.0128751190344293,0.302898722515147,0.0879737419700636,0.086206858658625,0.0101566697790533,8.65795012975744e-08,0.442767568745747
"43",0.0109738313866879,0.0108687496896388,0.190905630258489,0.0842145162900977,0.103753323435508,0.00966534634192352,1.09033686374313e-10,0.589618602488621
"44",0.016224072357168,0.0210094905868498,0.24116088706209,0.0690330392217686,0.125879912708514,0.00926864379715269,4.40558110471402e-11,0.517423954222402
"45",0.02355798079165,0.0202785910035583,0.229707546364608,0.0659336136528743,0.118921116860074,0.00917898691534018,6.3486304788832e-10,0.532422163777032
"46",0.0546170464070918,0.0176715868466097,0.214710853819232,0.0688370906432355,0.129057865585366,0.00846437948558051,1.55615634299925e-09,0.506641175656729
"47",0.0131757220342834,0.0228993828489598,0.220194263797313,0.0766798287584323,0.119182964011756,0.00998628411325564,1.69727085945985e-10,0.537881554266273
