"","B_cells_naive","B_cells_memory","Plasma_cells","T_cells_CD8","T_cells_CD4_naive","T_cells_CD4_memory_resting","T_cells_CD4_memory_activated","T_cells_follicular_helper"
"1",0.0243887181759791,0.0155039285535907,0.182471955310217,0.0613706867996669,0.105017213459173,0.0120662661943702,6.07247480590587e-11,0.599181231446279
"2",0.014859010820201,0.0103972887641219,0.111238368036858,0.0498182818444904,0.0931077585581246,0.0097527467053923,0.000497823345300265,0.710328721925512
"3",0.0149630194303661,0.0186235531634377,0.174289649894844,0.087385049246235,0.113885557420639,0.0109756217602276,2.51933305924344e-10,0.579877548832317
"4",0.0232347117817814,0.0153517234836716,0.18711836383694,0.0640004563821636,0.105206207315336,0.0113637668621174,7.02712462568825e-08,0.593724700066743
"5",0.0185745931407447,0.0161926017690401,0.180677420217462,0.0396012751281491,0.102169602203789,0.0104263036714997,7.72260214966517e-10,0.632358203097056
"6",0.020740365145507,0.0171594686538868,0.190200881683507,0.0627766892367218,0.112389749478521,0.0127605435528423,6.35940221950906e-11,0.58397230218542
"7",0.0245338594231055,0.0165811767099418,0.217352996011854,0.0529927112617533,0.111736750231539,0.011428646415714,1.50548108446911e-10,0.565373859795544
"8",0.0158265887695554,0.0204024600500749,0.205629880573669,0.101201120375188,0.114720225439554,0.0124316607751126,8.73817691116194e-10,0.529788063143028
"9",0.0170053664615178,0.0154276885941887,0.188249193439488,0.063276497409248,0.0912367294236018,0.0127585414381281,3.61578193464122e-09,0.612045979618045
"10",0.0213529149647271,0.0197556985256321,0.211327729717439,0.0668981628614055,0.137226643669213,0.00867621790011926,9.87931236003094e-11,0.534762632262671
"11",0.0227427814773994,0.0127620852700933,0.158316195144568,0.0577181464982457,0.115378054062757,0.0133887121639885,1.02527647820777e-09,0.619694024357672
"12",0.00961299471006477,0.0151539457306224,0.159915096771872,0.0374408083175391,0.08279507817202,0.00920490192193691,6.80857086743057e-10,0.685877173695087
"13",0.0458119334397294,0.0181413522027733,0.229024790627987,0.0955565161261465,0.121809780464834,0.0105630298766459,9.04086047903743e-10,0.479092596357797
"14",0.017146123170338,0.0143649313627658,0.192626287504431,0.0587284695625437,0.0854508692280871,0.0101806159481412,1.04936129440465e-09,0.621502702174332
"15",0.0140545172600167,0.0153560420281037,0.18478502937607,0.0519069363513136,0.0821521617157886,0.00947664946486015,1.46119293351837e-10,0.642268663657728
"16",0.0225303815783418,0.0212516741277237,0.177576731368679,0.0659706783166546,0.121188218901535,0.0101561008666502,4.86904765492013e-11,0.581326214791725
"17",0.0179327306705769,0.0131235793957952,0.147025889963725,0.0665762398858243,0.10170717149414,0.0121836397172615,7.4151800716832e-11,0.641450748798526
"18",0.0157014032376599,0.0150678989077028,0.199691261141131,0.0496123651124704,0.0940791662317171,0.0113146221661404,7.12160142566279e-11,0.614533283131963
"19",0.0183903268686114,0.0114955435636851,0.127621331643885,0.0579588461738658,0.105542842104123,0.0138940443949809,5.84814582273157e-10,0.665097064666034
"20",0.00749705564066787,0.0142491949824268,0.199525813004301,0.066295879906975,0.0890015472916237,0.0089810246145967,6.77145560282118e-10,0.614449483882264
"21",0.0176198790117815,0.0149183099486806,0.129168885878139,0.0479435586917998,0.107341418997227,0.0108335179785413,1.01367273691576e-09,0.672174428480158
"22",0.0159937001785532,0.0198124952916719,0.179328757488553,0.0395926497740297,0.116682488649873,0.0105414893651882,6.13789182754235e-10,0.618048418638342
"23",0.00693956605203204,0.0157465510940719,0.166850815563255,0.0319815795944592,0.0876063398140824,0.0109919069849767,1.04895444727502e-07,0.679883136001678
"24",0.02424245206439,0.019419442023587,0.201716556044643,0.0782141340693547,0.128484397810174,0.00912075867525323,7.50951114670431e-11,0.538802259237502
"25",0.0140305717937708,0.0141802497968603,0.145369243083599,0.0457346850182023,0.0923811860227512,0.00759539616282351,2.44280598714208e-09,0.680708665679187
"26",0.0155865423028109,0.0156893600759175,0.175703592918261,0.0561522571013459,0.119557255385092,0.00853699118041605,9.33309401917758e-09,0.608773991703063
"27",0.0134484189285644,0.0136912161839242,0.176250078741054,0.0544489291206171,0.0927230677978308,0.00948129643041259,3.01649256664031e-09,0.639956989781104
"28",0.0233754199967137,0.0110947317696701,0.173061965449124,0.0752921323486436,0.112883801006357,0.0127191022780283,1.69924028463268e-10,0.591572846981539
"29",0.097597679391019,0.0108765394131957,0.316139953234317,0.104347360767492,0.119512789496553,0.00869590620992175,2.69168968474648e-10,0.342829771218333
"30",0.0160964774920505,0.0133571286342257,0.193242169022474,0.0570450501379756,0.0985128398384456,0.0106420129332862,1.08958696329013e-09,0.611104320851956
"31",0.0153439015999746,0.017907631605136,0.193585790964687,0.0675505222090857,0.098902630726798,0.00931147148490326,8.8207320688262e-10,0.597398050527342
"32",0.020844557089588,0.0134213163011102,0.1616749963777,0.0574546720912405,0.0974599576447034,0.0118276965460344,5.23815582332374e-09,0.637316798711468
"33",0.0259763407697302,0.0214341183555349,0.193039374186152,0.066496801408928,0.140299597025248,0.00979116146309968,6.31243602317119e-11,0.542962606728183
"34",0.0594237039620947,0.0163941809770337,0.240477377542591,0.119816802442125,0.138320543258144,0.00978700882344653,2.06439648339938e-10,0.415780382788125
"35",0.0425295197554418,0.015959174609551,0.224128340768962,0.0911448099671581,0.0843879233574692,0.0108315860951045,1.42860762896604e-09,0.531018644017706
"36",0.0619550225510673,0.0135230439878883,0.204358624117815,0.0778416605072763,0.123975736193211,0.013884257922232,2.2826986347117e-10,0.50446165449224
"37",0.0283080522901477,0.0145189882875325,0.186112192178629,0.0639573176291293,0.114817179982555,0.0133163409720298,5.26575407279199e-10,0.578969928133401
"38",0.0159356535198392,0.0096996921109693,0.126666926795124,0.0562478373573483,0.106468493552232,0.0140454564602473,2.7376256285749e-09,0.670935937466614
"39",0.0321140098793325,0.0119844872017972,0.159715767539922,0.0909161881245702,0.112056038729393,0.0145180155926107,1.23460436709283e-08,0.578695480586332
"40",0.0135667425105132,0.0143645436088107,0.169601220924612,0.072944785018897,0.0957798470730284,0.0113652894521775,8.58784649565591e-10,0.622377570553177
"41",0.0352174567079975,0.0144181802965854,0.213508867698845,0.0794395223996278,0.106888903093203,0.0130834005801064,2.6405901840914e-09,0.537443666583045
"42",0.0346491599412373,0.012110978015458,0.236150523766486,0.0974042079563864,0.164943418290112,0.0109733688009785,1.13406886775349e-09,0.443768342095273
"43",0.0199489478173619,0.0137415317194515,0.156932461928092,0.0624022866639094,0.109805479599427,0.0135433157744644,5.52701738364441e-10,0.623625975944591
"44",0.0522810474266835,0.0149473473383288,0.245821670627186,0.0877549500516468,0.16758112085932,0.0102884590936525,1.98228189181066e-09,0.421325402620901
"45",0.00990064414055335,0.0219867262935609,0.144066681809683,0.0471621003643133,0.11123390213462,0.00879082356741193,3.58200306999392e-10,0.656859121331658
