"","B_cells_naive","B_cells_memory","Plasma_cells","T_cells_CD8","T_cells_CD4_naive","T_cells_CD4_memory_resting","T_cells_CD4_memory_activated","T_cells_follicular_helper"
"1",0.0350705641140834,0.0131455455065012,0.162320310689044,0.0669655649715357,0.114206086668826,0.0104158974651629,8.08366191376803e-10,0.597876029776481
"2",0.0457853918122563,0.0135113542096289,0.160388259555424,0.0863155715748895,0.121388827018977,0.0119239131157739,1.59665183745559e-10,0.560686682553385
"3",0.0400907552292814,0.0154739552181136,0.177533152076802,0.0797790829801,0.139104771608347,0.0128012150203643,3.49700434568552e-09,0.535217064369987
"4",0.0559594742870714,0.0123980143688176,0.15941670992017,0.0745862585113221,0.113635450462059,0.0111203723823456,8.24637705352022e-11,0.572883719985751
"5",0.00667234067276089,0.0133243559457505,0.113565094678945,0.0673722233273196,0.06738474705545,0.00563870707288827,2.48221811569993e-10,0.726042530998664
"6",0.0183841392259365,0.0105641226696079,0.169812468095325,0.107156568963958,0.0688543066736531,0.0118579576911691,9.21349296531989e-08,0.61337034454542
"7",0.0228062570077375,0.0102686042096468,0.157559000472667,0.090425842851143,0.0819053180265534,0.0125238448534469,0.000842141866718487,0.623668990712086
"8",0.0271156040132847,0.0121448642005487,0.174195543876416,0.138687919365826,0.111868800621744,0.0147729167175165,2.24688202341764e-10,0.521214350979975
"9",0.0348484992595909,0.0158194330909992,0.25385613814457,0.101339526230994,0.160304862314529,0.0151384029102496,0.000376527432849233,0.418316610616218
"10",0.011937747462476,0.0182699279655551,0.192838547283808,0.0486808398264696,0.113478614306235,0.0122711440968251,0.000778586121551459,0.60174459293708
"11",0.0233105820945344,0.0178273901367402,0.175148796806214,0.0941265566318701,0.132571624083436,0.0116720284215284,6.37678164674701e-10,0.545343021187999
"12",0.0131246682348907,0.013855535946373,0.128548848955987,0.0675266865665495,0.104450136562098,0.00927012425465781,1.11261542977835e-10,0.663223999368183
"13",0.0346209137137188,0.018211007693524,0.232841242944237,0.0853627225982523,0.163284775835841,0.0140102284743635,9.60506109954026e-10,0.451669107779557
"14",0.0311695953012351,0.0134284907867431,0.178134550263953,0.0735457125946531,0.113439251341432,0.00966423145844473,4.85278049968298e-10,0.580618167768261
"15",0.0144080201314288,0.0150818036421331,0.0692820184699512,0.131902400094954,0.076285086834268,0.0104387086903125,7.49447091884615e-09,0.682601954642482
"16",0.0516490557789968,0.023353136632804,0.194774605404812,0.111386843136616,0.167017130899262,0.0143598875298262,9.32816961714225e-10,0.437459339684866
"17",0.0186018599817669,0.012409706670635,0.194972864820636,0.0757089665084382,0.147213193196006,0.0155950987349837,0.00117030121306982,0.534328008874464
"18",0.0216891572098261,0.0135328370328649,0.181306854902024,0.0621550785259664,0.11816214524004,0.0107073835247484,8.65528996668611e-10,0.592446542699002
"19",0.0228378398521737,0.014302035630476,0.199732371788293,0.119913704405037,0.0992642966614957,0.0141931315003344,0.00147200994517999,0.528284610217011
"20",0.0310219140243475,0.0160761031555008,0.162438978325528,0.0894661642586675,0.161967530758193,0.0135760960491684,6.52352399060343e-10,0.525453212776242
"21",0.0250625118386987,0.0209544491274789,0.246977520513816,0.0590192498989664,0.127394717047344,0.013424423219693,9.76485845933247e-10,0.507167127377516
"22",0.0626839755295363,0.0143298253232958,0.189827149308839,0.10138315504213,0.139543708453423,0.013113024289529,5.28016019458728e-09,0.479119156773087
"23",0.00957634176638022,0.0125835880481983,0.180036906302037,0.0402282641191142,0.12878227601946,0.00971841198412062,5.50270966612054e-11,0.619074211705663
"24",0.0198770544219294,0.0149802130684221,0.218374653272023,0.0522130768186109,0.14729004090266,0.0105624950383051,2.22563481878627e-10,0.536702466255487
"25",0.0410913371886641,0.0144832434868042,0.173031108897243,0.138988465438302,0.142232224349603,0.0146541594513102,0.000617421737359666,0.474902039450714
"26",0.0229924282512686,0.0111864733847044,0.154497712010341,0.0912681967036775,0.0610896625887797,0.0114889216991017,2.22208388194019e-09,0.647476603140043
"27",0.024290431886138,0.0125469742158878,0.189748956140565,0.0879724803871619,0.121014955557367,0.00984835556583612,1.62133190226157e-09,0.554577844625711
"28",0.0225905742991679,0.0107395642837443,0.16259241062192,0.0771519546681154,0.138194069893134,0.00719612087244299,3.64621103135766e-10,0.581535304996854
"29",0.0488053871321409,0.0137492148662411,0.185674989057049,0.0807679574496368,0.119209423430833,0.00988193337099476,1.11706173527743e-09,0.541911093576043
"30",0.0727022868590015,0.0131316920618295,0.19175228527273,0.0977499449006034,0.107440096415267,0.0128411852908705,8.38943753644152e-10,0.504382508360754
"31",0.0319284001372625,0.012809932214833,0.155249471846673,0.07455804147519,0.119123484883947,0.00875806987248974,4.89407623888697e-10,0.597572599080197
"32",0.0615991906191682,0.0127720644222426,0.160295739855255,0.0923565635212459,0.111852050913683,0.0115725605992488,2.50147592629493e-07,0.549551579921564
"33",0.0904241847765787,0.0128666873003351,0.228089648640149,0.107767337912184,0.126419116555096,0.0121110692058414,1.08499403034732e-09,0.422321954524822
"34",0.0228280322348175,0.013847659414798,0.165688937260672,0.0688409018105177,0.160566015953373,0.0132530128810313,0.000322323003962092,0.554653117440828
"35",0.0143230040861858,0.0189990142598201,0.179531995798586,0.048372108026378,0.0959671041875187,0.0106031946857478,3.86287195190416e-11,0.632203578917135
"36",0.0364273235386738,0.0146537977904324,0.153456055161894,0.0621091333406222,0.157253188616653,0.0127885974338323,0.00117297483167032,0.562138929286222
"37",0.0336411353601459,0.0167075857380048,0.118877532395367,0.0905747398044241,0.0809647393763454,0.012963709298366,1.04991491516106e-09,0.646270556977432
"38",0.0324304117572747,0.0179398302710218,0.153620521342527,0.0707329013722634,0.149500763815314,0.0116654778591322,1.29338688073105e-09,0.56411009228908
"39",0.0725747444360079,0.0154102380309244,0.193886454208194,0.069355566194696,0.183645060373417,0.0122145123554645,9.06748680565926e-10,0.452913423494548
"40",0.0177332856440233,0.014185357072661,0.174524408995728,0.114726976294653,0.113114530924293,0.0145351465372337,0.000705139108218568,0.55047515542319
"41",0.0359662441236576,0.0162246013110479,0.177357368194366,0.0831375343097705,0.128029564494946,0.010597641855443,6.59183380466139e-10,0.548687045051586
"42",0.0163428708737613,0.0218200433835003,0.128336702526043,0.0800165190557407,0.156530720533326,0.0116926332714212,1.30871665853733e-09,0.585260509047491
"43",0.0402102374459787,0.0214395463228601,0.167009762972277,0.111875321312011,0.114895299129879,0.0148335323964031,0.00111502328368192,0.528621277136909
"44",0.0282181116722643,0.0255440381061589,0.155623915867306,0.0735638423730052,0.179033845404017,0.0136822778274361,3.73144298531153e-10,0.524333968376667
"45",0.0126170299489023,0.0106557503382832,0.180803862659056,0.0773068209206587,0.0811288763956649,0.0132741413055424,0.00199571486767995,0.622217803564212
