"","B_cells_naive","B_cells_memory","Plasma_cells","T_cells_CD8","T_cells_CD4_naive","T_cells_CD4_memory_resting","T_cells_CD4_memory_activated","T_cells_follicular_helper"
"1",0.00171553916057698,0.0431361402549258,0.287187575310399,0.0597056750954967,0.176006670748137,0.0171511240204273,0.000390028976969576,0.414707246433068
"2",0.0462645139113343,0.0230931342339917,0.258543625689391,0.0586478322570937,0.12307549775069,0.0112511790716691,3.14580207111418e-10,0.47912421677125
"3",0.0460510658900193,0.02077323967808,0.218666129703928,0.0827828823309059,0.135820053966064,0.0103254261808392,3.06706118067224e-09,0.485581199183103
"4",0.0424759594357983,0.0128728227908196,0.217947944504927,0.092787539907969,0.135976820829006,0.00954352118166279,7.8380495653262e-11,0.488395391271436
"5",0.0419966709441558,0.0126913025328089,0.254930824830556,0.13789976685117,0.0743440410047018,0.0114157967629437,9.14979473014094e-10,0.466721596158685
"6",0.0071837723828189,0.0175539251199513,0.169954828538875,0.0566224907319809,0.126986184654715,0.00518608916547454,8.90135962066845e-10,0.616512708516048
"7",0.0549624360665173,0.0200675062459912,0.335888657030959,0.057254021856554,0.0620490031887356,0.0124416165702656,4.93821053311693e-10,0.457336758547156
"8",0.0170636728120403,0.0139432929098719,0.159749515293885,0.0633157161803147,0.0738131599491133,0.00725771774672889,0.00221046706955759,0.662646458038489
"9",1.26897680723723e-08,0.0280536250680964,0.343573811786597,0.0355689594553854,0.107743099030673,0.00377204202399368,0.0132126615798985,0.468075788365588
"10",0.0522032996434663,0.0208480480423746,0.268677011910595,0.0717371155479873,0.123707858395841,0.009674028465259,6.7394033593044e-11,0.453152637927083
"11",5.93298236904898e-06,0.0211455067653826,0.320537426954672,0.0305055300666753,0.187408149608602,0.0126719826426813,6.46124804746321e-07,0.427724824854814
"12",0.0387192133851619,0.0268597121127948,0.403080694760902,0.00138710952005546,0.0837660545671981,0.00232897676743807,7.76791234652522e-10,0.443858238109658
"13",0.0221834721255026,0.0275697996725423,0.230602575556874,0.0698816027867279,0.138812042442377,0.0100175958849518,1.99462432996649e-10,0.500932911331562
"14",0.0427956157389537,0.0209122306592006,0.23089034905229,0.0605757480675026,0.157682227972679,0.0107431290241414,2.5451174664752e-10,0.476400699230722
"15",0.0325293609144738,0.0200681521248258,0.252384869140006,0.0732156030387696,0.153256977683156,0.0132909266195185,4.93428056820868e-10,0.455254109985822
"16",0.0358334822208662,0.0178029543099383,0.250249053212599,0.166126548442009,0.106177411713955,0.0151387211229528,2.67091120601872e-09,0.408671826306768
"17",0.0380861739441587,0.0206127369112098,0.242713610250317,0.0675322718461742,0.112026484566929,0.0087094430505237,1.03060568984676e-09,0.510319278400081
"18",0.0885394498878489,0.0146320552818039,0.318690061953914,0.0979636053494436,0.0471194785929558,0.00751182625685733,8.39536696756633e-11,0.425543522593223
"19",0.0449287832837905,0.022114626698133,0.166594397211563,0.0811970987961144,0.135721203391226,0.00923087942140949,6.84863841400734e-10,0.540213010512899
"20",0.00755071539874927,0.0225774084589984,0.209202475743685,0.0421180104811246,0.0797658735477756,0.0109702237182823,5.46173995283957e-09,0.627815287189645
"21",0.0542448973826227,0.00810783381359378,0.232570400147579,0.0608370065748417,0.0361453842210204,0.00890796978906321,2.25751613029759e-10,0.599186507845528
"22",2.5803152664592e-09,0.0219135991522244,0.292885380242817,0.106284289482089,0.215698968707832,0.0160603684349743,1.08790220201676e-08,0.347157380520725
"23",0.0546382940170459,0.0289451352155864,0.254285920872454,0.00576044681421704,0.166146307941803,0.014881818795818,1.46760675858904e-10,0.475342076196315
"24",0.0191741003072857,0.0263054018801772,0.256484750170627,0.0590644281060086,0.16134238650721,0.0132231268868879,2.30004619085252e-08,0.464405783141341
"25",0.0677034259788023,0.0234049655364676,0.237368398502942,0.121701643885915,0.169250542600348,0.0114570325786992,1.42530065739451e-07,0.36911384838676
"26",0.00950736517362007,0.0181603702900534,0.176169550954189,0.0400082120477743,0.116538413229151,0.00801799108481615,6.72307408714193e-10,0.631598096548088
"27",0.0277019121455986,0.0194342999210325,0.230661550458911,0.0642110934386688,0.129642331818046,0.0118548331977406,1.40140850610551e-09,0.516493977618594
"28",0.0695976313613504,0.0188729860507028,0.303358325480994,0.132116828263345,0.149910483957494,0.0135564441399592,6.86361677462338e-09,0.312587293882538
"29",0.078871468241982,0.0218593099823274,0.283321891727616,0.0776400972288835,0.125704553062067,0.0130295512048457,1.67431129567906e-10,0.399573128384847
"30",0.0289006980851511,0.0217640113561176,0.175681063405362,0.0610213458047422,0.121761128978724,0.00905185308609782,0.00243983489770889,0.579380064386095
"31",0.00893854695150859,0.017673485088957,0.191316856374742,0.0450682318365502,0.112797362191871,0.0102203361771709,1.14252846478055e-09,0.613985180236672
"32",0.045815028566617,0.0196697525070925,0.212283157093808,0.0959393924565212,0.165312343830077,0.0107972848627428,1.96453656510936e-10,0.450183040486688
"33",0.0668860527934247,0.018174042089178,0.289565283133114,0.101232536238542,0.13732975815298,0.0108296940122762,5.38673759849686e-10,0.37598263304181
"34",0.0157599156560621,0.0115884262426691,0.183482579486196,0.14419662031515,0.0833546069548688,0.011714428642325,1.49252987603291e-09,0.549903421210199
"35",0.0240965234409251,0.0160551195401697,0.21397496892261,0.0606259632785505,0.133559280393033,0.00719719775393652,7.8726832268531e-10,0.544490945883507
"36",0.0495860590623255,0.021703679439518,0.28796463777042,0.11043025300994,0.158869911440853,0.0113879007299666,3.26266922139023e-09,0.360057555284308
"37",0.0557632417092076,0.022729065634682,0.256283618591336,0.141115939771728,0.133841269993275,0.0142907055408777,2.42678286288916e-12,0.375976158756467
"38",0.0316235777465767,0.0227683487784185,0.167898970568892,0.0607039005215218,0.131536105767616,0.00879108478499807,8.13341254013229e-11,0.576678011750643
"39",0.0573845513496276,0.0255159209607989,0.260321527026683,0.0663252570954381,0.191372134549259,0.0132602254694405,1.10065374630025e-09,0.385820382448099
"40",0.0232070771292279,0.0180219312067245,0.240216028392777,0.0579647698644637,0.193096805209179,0.00897764435793875,1.13001441446108e-10,0.458515743726687
"41",0.044096437899905,0.0221746640778904,0.271829940994471,0.0560454928035444,0.169883523354481,0.00905616945757353,9.28631712724973e-11,0.426913771319271
"42",0.0302498682041824,0.0185982846627646,0.246022799237074,0.068154439974604,0.169185200072496,0.011201611502005,7.68349292579307e-11,0.456587796270039
"43",0.0162730132977209,0.0232192872670075,0.186082836466553,0.059052044123133,0.173791626244857,0.0117092140251689,1.47800967667923e-09,0.529871977097551
"44",0.0104708019902869,0.0151202748111733,0.198681359963319,0.0770896146266115,0.153528179791684,0.00891452519415315,1.17029690894807e-09,0.536195242452476
"45",0.0112059445833748,0.015785456151837,0.241160492647097,0.0547115810137225,0.0885669607271548,0.0103564914266269,6.7349303775796e-10,0.578213072776694
"46",0.0482074849721733,0.0196704644291587,0.218557186209877,0.0879999463024847,0.180538610250756,0.0114949629519551,2.83830566756811e-10,0.433531344599765
"47",0.0430673348821915,0.0239455039721566,0.216556947585165,0.0972483469697532,0.143700460529016,0.0127312213477535,2.35237004151574e-09,0.462750182361594
"48",0.0387734426423992,0.014764992044935,0.159715882259917,0.052249753592024,0.0981277313540235,0.0132720467348158,3.36642090466852e-10,0.623096151035243
"49",0.0494933552352976,0.0234587516508991,0.235788286475052,0.106525329497659,0.171023106188627,0.0116386096427478,1.34477982659008e-09,0.402072559964937
"50",0.0164133113692962,0.0281367503051745,0.188387331373611,0.0820425590319891,0.201592972410499,0.0139931914550925,4.11748764418005e-10,0.469433883642588
"51",0.00765851342465798,0.0219465866661999,0.19496472241571,0.0476462234621436,0.148025451652655,0.0100480428451361,2.20037488685996e-10,0.569710459313461
"52",0.0476475549466022,0.02494754816277,0.249363478680988,0.0804492900591342,0.143048967000078,0.0122972444218381,1.05520679457716e-09,0.442245915673383
"53",0.0217219068723082,0.0146594206024258,0.272313315741772,0.0615254679813392,0.186301191754767,0.0100273239007765,5.45990190103258e-10,0.433451372600621
"54",0.0351589266660199,0.0241904455663511,0.235717914012681,0.0752427705268509,0.174878467103115,0.0109765793220764,4.68318931131195e-11,0.443834896756074
"55",0.00939399524178216,0.0179918117661473,0.117963807867852,0.115553311006591,0.12647569606577,0.009532584755095,3.45987319527044e-10,0.603088792950775
"56",0.0321399920735103,0.01776049781,0.242339642211071,0.0851226233393028,0.169543222460357,0.00919633635851709,2.2348008489034e-09,0.443897683512441
"57",0.0508415823196891,0.0179382369698474,0.241489542107821,0.0934324152519647,0.155793064243457,0.011872221197288,7.78646642977355e-11,0.428632937832068
"58",0.086254973638974,0.0150106231750032,0.371865124852114,0.107695014865919,0.146467083696941,0.0100814704324681,5.48721832321956e-12,0.262625709333093
"59",0.0194061386347853,0.0201651531974239,0.175157855295317,0.057765339370527,0.14159554749564,0.00803842423647374,5.89826162185772e-10,0.577871541180008
"60",0.0975827406418729,0.0149949826800416,0.32484988002925,0.113895613827887,0.152104055339994,0.00959761821623722,7.06382828250241e-10,0.286975108558335
"61",0.0142587451905479,0.0170884334578237,0.217801994562484,0.0503629268598601,0.128012127694774,0.00804910010933255,7.4208302816336e-10,0.564426671383095
"62",0.0177438134558165,0.0212286411514305,0.205033784862109,0.0595502347793541,0.137587155048451,0.0078679405182462,5.16976884437542e-09,0.550988425014824
"63",0.0667036908391529,0.0104615141239057,0.421743019941653,0.121122481402966,0.019542880116096,0.0149178355064345,2.05080008824893e-11,0.345508578049285
"64",0.0226488727013459,0.0200688987648844,0.228858982582642,0.0953758662028684,0.127587778298529,0.0113550391615518,1.85544960443446e-09,0.494104560432729
"65",0.00903175402743064,0.015504662668785,0.271264948744224,0.0350548575461429,0.0265255960798939,0.0167412345884823,0.00247398471898007,0.623402961626061
"66",0.0386719526317411,0.0208424919075334,0.284811463653989,0.0639252692779666,0.144855579368578,0.0118085590694322,1.91365773566426e-09,0.435084682177102
"67",0.0275218358838363,0.0114647344928011,0.21013394648995,0.0545372223897197,0.0303653546207025,0.0112728763217753,1.97008887350105e-07,0.654703832792328
"68",0.0193745414334292,0.0160822835563464,0.216005781274587,0.0767926746653249,0.0730547995285328,0.00870189969541062,2.38105042749825e-05,0.589964209342094
"69",0.0683544903494633,0.0158807326268754,0.302762133532426,0.0993824304574187,0.0951563870453947,0.0167211987993651,2.25992701736925e-09,0.401742624929129
"70",0.052177510485155,0.0247014395602432,0.289113528020095,0.0931673638661044,0.129179716003342,0.0119069564725601,0.00123401905640628,0.398519466536094
"71",4.29200059359868e-05,0.0196344888579812,0.144239345372038,0.0460672324923887,0.124245381774722,0.010619874629676,1.32282599382964e-09,0.655150755544431
"72",0.0321316307800167,0.0223460932757176,0.201078531078418,0.0662161567965088,0.115128200561344,0.00950234332794061,2.89948969814741e-09,0.553597041280565
"73",0.00468243418629422,0.0280862809190252,0.176368019554524,0.0496509918456127,0.111984921412086,0.0102301291880626,6.2113451182661e-10,0.618997222273261
"74",0.00896946981556878,0.0259966852555889,0.202997628858967,0.0627893620165664,0.181621825903335,0.0129791265570244,2.84598835843841e-11,0.504645901564489
"75",0.011955717520277,0.0197401423338152,0.19623156841573,0.0584524883182349,0.109610032177029,0.012511982637271,2.18930799702506e-10,0.591498068378712
"76",0.00531657723111614,0.026446347148349,0.219530885108252,0.0475478083330004,0.115101126302979,0.0102230429371409,1.91045813342097e-10,0.575834212748116
"77",0.0167279422786193,0.0223703943310677,0.148690409202844,0.231264537785165,0.0447273011730792,0.0218453464768421,0.0178480408006452,0.496526027951738
"78",0.0448847035691542,0.0172413620406965,0.221523641291351,0.0951060268658742,0.0972370460509677,0.00672652661638189,2.54043310640733e-10,0.517280693311531
"79",0.0529733952461115,0.0208983501052029,0.218722598458402,0.0729430695627773,0.127462584767757,0.010465034375566,3.95950533933079e-10,0.496534967088233
"80",0.0607071894209707,0.0198598048174858,0.229097686243032,0.104276297161327,0.119430562407341,0.012776701460811,5.43077911096987e-10,0.453851757945954
"81",0.0191816562549984,0.0141948685998103,0.186926592261595,0.047977334325115,0.0801935115991621,0.00785778527615907,7.12586918495072e-10,0.643668250970573
"82",0.010490157800834,0.0193168391127699,0.208480813729991,0.0512068590569852,0.113498052127946,0.00969944221290929,2.03517871600294e-07,0.587307632440693
"83",0.0148928962664876,0.0161524402804931,0.170757969802611,0.0814879370211862,0.115580674124007,0.0089546334357646,2.38218297279985e-11,0.592173449045629
"84",0.0674350696886118,0.0157500607830291,0.0830515790164114,0.0576475891368534,0.182149610153746,0.0139258327908383,0.0130909143514451,0.566949344079064
"85",0.0311659864415888,0.0229331336786485,0.221144431726066,0.0641536351387208,0.174360944331603,0.0107973610642409,9.92345885203255e-10,0.475444506626786
"86",0.0242199708017145,0.0164381348731703,0.219907815441352,0.070748956512749,0.0896441390290481,0.0102852604389583,1.06599497612376e-10,0.568755722796408
"87",0.0474342500934323,0.0221557322519258,0.247225058343689,0.0868020497431226,0.188156025965044,0.0117908715957573,1.00721472289564e-08,0.396436001934881
"88",0.00868430139150547,0.0179261621768483,0.135584438257167,0.0539503886949069,0.107127465865662,0.0109637548236533,2.37186290706758e-10,0.665763488553071
"89",0.033189109261721,0.0172896886490045,0.164234515221236,0.0578569177317989,0.152011779861797,0.00662893836676741,9.46117620009524e-11,0.568789050813063
"90",0.0448108879866208,0.0176871094469972,0.256227321075797,0.0576549741575233,0.113943837747848,0.00983761920715679,2.50799477829804e-11,0.499838250352977
"91",0.0680301069653445,0.0240778392458075,0.275436044987058,0.119964566263519,0.136902052974911,0.0132151980746592,8.74222559456256e-10,0.362374190614478
"92",0.00895580217291947,0.0274923021729417,0.213658158922555,0.0534367969516901,0.155175181186746,0.0113422490515605,8.97158892402796e-09,0.529939500569999
"93",0.010116072567386,0.0148019541999907,0.186426541289626,0.10885327359874,0.136748017312611,0.0135302312389417,3.74965348355613e-09,0.529523906043052
"94",0.0299913853123462,0.0185336909851202,0.227346559463222,0.0913642181048254,0.129328945248132,0.0114229056436785,1.65497256114283e-09,0.492012293587703
"95",0.000847840750112522,0.0617937412384434,0.448209228191641,0.138992265496499,0.0474226105359722,0.00931374217033799,1.3278974216775e-08,0.29342055833802
"96",0.0359991599388389,0.0165475959637394,0.216584078534151,0.0630060093824867,0.142410741304649,0.00723528386367116,4.71306666692482e-10,0.518217130541156
"97",0.0573937454967952,0.01888261629058,0.238877448851757,0.0825518925202027,0.165062129789976,0.0113438982589973,2.51031989117404e-10,0.42588826854066
"98",0.0148745467983164,0.0280502064820496,0.236355518094244,0.0730018438507126,0.11989009964447,0.0115425236581672,3.4745004300547e-10,0.51628526112459
"99",0.0439444851024583,0.0212913523724866,0.259478551115369,0.115813589109116,0.11196373294919,0.0125768893123791,1.28451154851146e-09,0.43493139875449
"100",0.0445996690620451,0.0257886072393308,0.2044638998597,0.0862252544708172,0.231625567295419,0.011187294060095,1.3380253759415e-09,0.396109706674568
"101",0.0623622122643482,0.0205286797843389,0.268686291564733,0.078985569757683,0.143237571624771,0.00990191249958135,4.99263341585111e-10,0.416297762005281
"102",0.0290602087418847,0.0201157538339541,0.324644801372604,0.112166208485724,0.111307066109255,0.0132557183385792,6.09402860022136e-11,0.389450243057059
"103",0.0368891456751559,0.0189907447570595,0.20066177803778,0.141883056304013,0.114161651732136,0.00904956588769804,2.55482145680012e-10,0.478364057350676
"104",0.0387495782116107,0.0142532120956631,0.258577093783526,0.0488538801668559,0.0244084361007492,0.0144239067150517,3.62940723917222e-10,0.600733892563603
"105",0.0273756871257314,0.0250520099094287,0.231844465424974,0.0751213544847868,0.166930342513186,0.0104446622215127,6.0131168798632e-10,0.463231477719068
"106",0.00158558122639028,0.0257746777881275,0.169138864610895,0.0424295791335457,0.110006450383422,0.0119445140580871,3.22463545055747e-10,0.639120332477068
"107",0.0377309347270405,0.0166861765328616,0.254530097780597,0.0918048640974739,0.110584934901857,0.0101467101662428,4.89971583494285e-10,0.478516281303956
"108",0.0238506250969471,0.0193084188517819,0.276291626198768,0.0831012088734503,0.190500957808741,0.0123022891635351,4.90600116525077e-10,0.394644873516177
"109",0.103907970728363,0.0196600077996739,0.3160480111717,0.110244561775566,0.0981038009285449,0.012261830149219,1.58293874194309e-08,0.339773801617546
"110",0.0633216392177959,0.0227266439794829,0.246161125222973,0.0797789695467763,0.164785458493829,0.00757388364621111,2.46667904232001e-09,0.415652277426252
"111",0.0678739726633171,0.00821768164836892,0.442113057291103,0.181212330882538,0.0175088169671426,0.00845668376275047,6.13269534580805e-11,0.274617456723453
"112",0.0457447816430527,0.00833289923935588,0.321041975545277,0.113596232447181,0.0473400259780462,0.0107056104167507,2.57294849642157e-10,0.453238474473042
"113",0.0315741249351299,0.0198023186264408,0.232850034264656,0.0546863022935974,0.11980346987155,0.0117015145358078,6.98349242977173e-10,0.529582234774468
"114",0.0134167317785401,0.0127861878339766,0.17353893916688,0.0773335327548381,0.104555645294035,0.00710828549997751,2.39518369226197e-10,0.611260677432235
"115",0.0173745960629208,0.023907971597883,0.224466136845762,0.0716098174390365,0.119362988386081,0.0125386463772718,5.60458404847906e-10,0.530739842730586
"116",0.061948256508625,0.0227561981611488,0.234080524583034,0.0521740420325218,0.141617671299244,0.0106456020041717,3.74175740016348e-11,0.476777705373837
"117",0.0210915958187226,0.0234622567374975,0.225293986372395,0.0890282550076689,0.127989502671427,0.0104748971721048,5.26737125761937e-10,0.502659505693447
"118",0.101659424436423,0.009945982528377,0.31932941790318,0.0992332998601984,0.0433662068261687,0.00887765522869305,1.17594465492488e-10,0.417588013099366
"119",0.102295246613808,0.0108088207148357,0.3328477454529,0.110394575400929,0.138793196898846,0.010168855898192,2.19502994246211e-10,0.294691558800987
"120",0.0324442019962317,0.0216678636651127,0.229289566819555,0.0643071873384669,0.14796931387861,0.0117957818029933,7.65317636893183e-10,0.492526083733713
"121",0.0421592919036816,0.0180317532247596,0.20514481995557,0.0765744513212913,0.102049967870221,0.0134529261217115,5.56938939435594e-11,0.542586789547071
"122",0.105969923912343,0.0124699449394172,0.343082189991875,0.101092765416051,0.159451116987727,0.00930237398921397,2.07401452202138e-08,0.268631664023227
"123",0.00993414825110384,0.0248773749503779,0.196456392234322,0.0503231348759517,0.114820002320648,0.00863795737891832,1.70973014252923e-10,0.594950989817705
"124",0.00687750780513839,0.0275295684066192,0.223504012584529,0.0467775257382247,0.149766865334256,0.010916665168058,1.22132464216989e-09,0.53462785374185
"125",0.0312804964914516,0.0266210497965829,0.235089210945907,0.0861348075508184,0.152467396733765,0.0112331312447273,0.00148665685547934,0.455687250381269
"126",0.0874273748885885,0.0221181142116571,0.310706865560778,0.0966732820533827,0.126071165333669,0.0118126155307108,6.87011466981747e-10,0.345190581734202
"127",0.0322671388490711,0.0204772166864125,0.248515807568536,0.0796240313217258,0.121917715125147,0.0151270328871239,1.1134219179382e-09,0.482071056448561
"128",0.0273990606732573,0.0169907524637609,0.266354553493628,0.0791868829453829,0.188382510137711,0.011865158430798,2.67001195001201e-10,0.40982108158846
"129",0.0397834886873577,0.0130520984989066,0.225227178892133,0.0682343501524089,0.144087908402241,0.00878165655579654,6.92341775198731e-10,0.500833318118815
"130",0.101165268647485,0.0089764246028074,0.482052932995716,0.16061770226291,0.0278849036917861,0.00745105986157813,5.8435530479728e-10,0.211851707353362
