"","B_cells_naive","B_cells_memory","Plasma_cells","T_cells_CD8","T_cells_CD4_naive","T_cells_CD4_memory_resting","T_cells_CD4_memory_activated","T_cells_follicular_helper"
"1",0.0206315958462639,0.0153128186442496,0.206823430292365,0.0683154723898464,0.113257786309007,0.00822414961402262,2.20413973835956e-11,0.567434746882204
"2",0.0498707305814839,0.0172379203343635,0.24378637442847,0.0788255101977108,0.120032352702041,0.00837784146266785,5.95991012841923e-10,0.481869269697273
"3",0.0231317768603149,0.0183383811185668,0.236839650215469,0.0719863115736792,0.122224214755509,0.0088271857731803,1.42068546485343e-10,0.518652479561212
"4",0.0607129325237308,0.0177430019537834,0.238285975674319,0.0960146753202235,0.132046003076104,0.00938291503165748,9.25506966610675e-09,0.445814487165112
"5",0.0539656618290273,0.0209671768938257,0.236462891872022,0.0598812530816154,0.129373193123373,0.00872790359315524,3.89534940609737e-09,0.490621915711632
"6",0.0425224286986226,0.0232219154044787,0.251983286603447,0.0767885569350442,0.124527397944412,0.0106811887546656,2.36799295458285e-10,0.470275225422531
"7",0.0124453528511761,0.0175651585012077,0.19292655223045,0.0691920380020058,0.109858180122299,0.00737792820517741,6.43444582288411e-10,0.590634789444239
"8",0.021967718955337,0.0166029274829029,0.196906442174483,0.0483311323108984,0.120384723954999,0.00676615123710465,3.62345085679764e-10,0.589040903521931
"9",0.0354240061071898,0.0194587764911936,0.213831561955045,0.103231537599935,0.107608889723857,0.0112451251793724,2.49221549276234e-11,0.509200102918484
"10",0.0732780937084157,0.0201939377660206,0.305066725255742,0.105285036531226,0.138298863676552,0.0125212135438755,2.63662038027852e-09,0.345356126881548
"11",0.0435912093920017,0.0174840564908283,0.25264010278092,0.0962857803640952,0.105362369448802,0.0107022979100524,5.28064837526497e-10,0.473934183085235
"12",0.056888183441745,0.0238920227733456,0.277840650430981,0.0848648025943291,0.136038118542419,0.010603659859969,1.57558621872976e-10,0.409872562199653
"13",0.0266553125535144,0.0221972955862397,0.21804147378024,0.0652451239015574,0.103015483046766,0.00770881405610187,4.74642441007335e-11,0.557136497028117
"14",0.0233420994972571,0.0221878099647951,0.225990400282678,0.0484603318404706,0.112845681964234,0.0100617266907242,2.50070964811291e-10,0.55711194950977
"15",0.0439043347047355,0.0221516376505013,0.254265345289932,0.060009990678509,0.113964513894911,0.0106818297700716,2.14851434415533e-11,0.495022347989854
"16",0.0466312297321901,0.0203392641106578,0.227490701948278,0.0890253278309697,0.111346456389093,0.0103272487095292,1.22393575546878e-08,0.494839759039925
"17",0.0402619987205129,0.0168805965882455,0.204324142815633,0.0857323538270929,0.107086053293821,0.00943137497334457,1.55088664750028e-10,0.536283479626261
"18",0.045006257512372,0.0217161668826117,0.228771428633224,0.059475120083172,0.140757452621579,0.00925752912985085,1.77585767285093e-07,0.495015867551424
"19",0.0172739373849408,0.0174902902897817,0.184933966204309,0.038405088385764,0.124336636750719,0.0102042517659698,8.48374983013139e-10,0.607355828370141
"20",0.0362324889726333,0.0236027407848196,0.290416328284735,0.0997549994587462,0.127793847814367,0.010932112422964,1.88685140123184e-09,0.411267480374883
"21",0.0644621482657083,0.0256528548088462,0.25868016509222,0.0683705358915249,0.161850696335742,0.0100485939052955,4.97383857107967e-10,0.410935005203279
"22",0.0398619968145055,0.0239781223665742,0.279092071457125,0.0819805413923127,0.134904637917729,0.011281709376558,6.70015470573466e-10,0.428900920005181
"23",0.0127931741165446,0.0174390438486415,0.190053606909978,0.0681569615544833,0.108958326307964,0.00669196612558366,6.56030208956065e-10,0.595906920480775
"24",0.0385322129855632,0.0203129182366595,0.225564952963228,0.0721651679269225,0.119092481531512,0.00861561438927801,3.30424680063701e-11,0.515716651933794
"25",0.0329369018527357,0.0156105986934052,0.202304717310068,0.0673772967567076,0.107343236455559,0.00947579575762801,8.27543870924858e-11,0.564951453091143
"26",0.0497353259082076,0.018573353561088,0.267876393672695,0.128230135444768,0.10973632404148,0.0109763124687408,2.36667072172034e-11,0.414872154879354
"27",0.0619559239592054,0.0230682310247052,0.277265886619934,0.0894359686702476,0.121458324013633,0.0115169234146314,2.80694548128348e-10,0.415298742016949
"28",0.0528077453832795,0.027126328594264,0.256989440993031,0.0729393570125414,0.161315289907307,0.0124899153850105,6.68528666735713e-11,0.416331922657714
"29",0.0241358026535211,0.0180935555261827,0.245179648287159,0.0838451112410008,0.102244226511563,0.0104601799375216,1.28643632440811e-10,0.516041475714408
"30",0.033577633794192,0.0179326729694157,0.223058103331473,0.0675272753219453,0.120794647422667,0.00841083704204087,2.09136092976304e-11,0.528698830097352
"31",0.0334408522829314,0.0178581574940991,0.186936959226337,0.0438849080862999,0.115866524806373,0.00662708039824592,3.31053990850679e-10,0.595385517374659
"32",0.0476177960063928,0.0169862230989832,0.238834687844487,0.0530856689015611,0.133477077003928,0.00979518065777806,2.22890049661183e-10,0.500203366263979
"33",0.0428699502899321,0.0147195299069403,0.250802273013998,0.118134378148728,0.0978092670434213,0.0116218731225552,1.86068102399686e-09,0.464042726613744
"34",0.015707227556329,0.0211276277517652,0.229817315378187,0.0951828297764079,0.0992302843036001,0.00803408415110317,1.18402962572242e-09,0.530900629898578
"35",0.0335631697312645,0.0234742060103943,0.220736466356139,0.048580660614441,0.117901024880318,0.0085842114756519,7.44163350181667e-11,0.547160260857374
"36",0.0198360807792333,0.0204864380683669,0.279821460858467,0.0919843904741856,0.0934770573796913,0.00978680225797435,1.36587218467285e-09,0.48460776881621
"37",0.0453824472034062,0.0258435197692197,0.295206529167246,0.126518116129287,0.120559482327915,0.0140420391667583,4.85541884371362e-12,0.372447866231312
"38",0.0559502279071513,0.0282625807157205,0.232615735557511,0.0613185990399955,0.193812048216938,0.00762567145525988,6.22489571502205e-11,0.420415137045175
"39",0.0393134334258487,0.0209091248592167,0.253458486611264,0.0780574372214781,0.140930670809147,0.0106970954645521,1.6610625066361e-09,0.45663374994743
"40",0.0165373094597557,0.0249822624750038,0.2159239538275,0.0412379316548984,0.0862730833558515,0.00841235642779033,9.87734112420822e-11,0.606633102700427
"41",0.010574744766681,0.0152133040484759,0.158028004061883,0.0615090813382935,0.0907751427592571,0.0075148950301803,6.22922142012097e-10,0.656384827372307
"42",0.0356105252749279,0.0196087501476062,0.27848476521114,0.125795833082962,0.106900432840068,0.0120670200061172,1.09151449768092e-09,0.421532672345665
"43",0.0243838073241194,0.0174400412543401,0.204912364883017,0.0591594010172676,0.122672221709161,0.00856315281791134,3.09482794551846e-10,0.562869010684701
"44",0.0296386866849013,0.0146498670018469,0.17470104502096,0.0712447892825248,0.0975342540533969,0.00729142878189653,7.47952395251303e-10,0.604939928426521
"45",0.0408355621809032,0.0232465672749857,0.253771773139931,0.0518913908906817,0.126303614595805,0.00987952333387586,5.2172683514152e-10,0.49407156806209
"46",0.0140880849849802,0.0150433991346455,0.176243940932664,0.045839204842123,0.108188583591495,0.00670205658713133,8.60668097052426e-10,0.633894729066293
"47",0.0468607998188251,0.017547467701373,0.229131032986141,0.0672722555915,0.104102089330807,0.0082286942494958,1.33533785084971e-11,0.526857660308505
"48",0.0229831896099672,0.0182209716014644,0.191549488910574,0.0417219477769588,0.107519130357137,0.00731285530331607,5.61043771548466e-10,0.610692415879538
"49",0.0254845014189228,0.0182911396539357,0.227940361202081,0.0612649000392093,0.0990477795606817,0.00803861622663605,1.92248889752484e-10,0.559932701706284
"50",0.028495493510141,0.0189116179806775,0.194946188231666,0.0716256968223819,0.102041052453912,0.00919552337875921,5.64164258725297e-10,0.574784427058298
"51",0.0462249041174344,0.0147166126413223,0.234577522268312,0.0942031041408123,0.104099471174888,0.00876228127913681,5.88799959787267e-08,0.497416045498098
"52",0.0220662822609055,0.0253255409190816,0.252391891740413,0.0618143642114714,0.114657455781774,0.00533041546776366,1.77418054114093e-10,0.518414049441173
"53",0.00346895201513911,0.0202330199069854,0.193647299158695,0.0402658555771318,0.092418449725601,0.00611605964589242,1.22850815969565e-09,0.643850362742047
"54",0.0593280741583403,0.0193288545689673,0.251287041745754,0.0702819994044982,0.120845067056619,0.00895552768255299,4.83337875591998e-10,0.469973434899931
"55",0.040460295165313,0.0186302341828484,0.225268307557807,0.0819916877656391,0.131123264728213,0.00634543647743859,6.22474755496003e-11,0.496180774060494
"56",0.0475323534557079,0.0189089954148695,0.238075218960417,0.068663166592289,0.102768944660268,0.00923684893567459,1.08931833099438e-09,0.514814470891455
"57",0.0205622673829636,0.0268545288150997,0.246843929662805,0.0604105956275524,0.14700191322255,0.00811866898576409,3.20541898100774e-09,0.490208093097846
"58",0.044884822061631,0.0236093292901282,0.275914495373187,0.0653960359646668,0.121899407198336,0.0102260771934409,1.82655715957051e-10,0.458069832735955
"59",0.0419422862641099,0.0225148175226546,0.256296976286765,0.0755663234227752,0.140452898776291,0.0116796982490109,3.58976324867815e-10,0.451546999119417
"60",0.0437684818884657,0.0212652105986326,0.246486645729633,0.0772928500403263,0.121014912158304,0.0105116907709479,1.34803709905421e-09,0.479660207465652
"61",0.00250809923794104,0.017368406432416,0.224567454985121,0.0677267384564431,0.104203900970798,0.00995713241897422,1.68931142856525e-10,0.573668267329375
"62",0.0383665464336379,0.0156002754874759,0.205975360789269,0.0988456852913356,0.0843916539860631,0.00977693942433239,4.31130885971242e-12,0.547043538583575
"63",0.0571818640146127,0.0204160271350012,0.252856373253432,0.120279731727483,0.131544328950498,0.0113102770141061,2.55423881171608e-10,0.406411397649444
"64",0.0425870170863298,0.0246851566436382,0.271735233714074,0.0965623755951948,0.146097361819167,0.0125265160486121,2.77859558920087e-10,0.405806338815125
"65",0.0346305760344349,0.0178915673941405,0.258176320094158,0.0936466074895989,0.093169603055841,0.0115744762524988,1.26248510140984e-09,0.490910848416843
"66",0.0382971722290043,0.0186306026690514,0.241517777429346,0.0834465367646983,0.136163856263774,0.00773701112382554,3.41656503144857e-09,0.474207040103736
"67",0.0280431298113619,0.0234153137981004,0.286725711907786,0.062915614239119,0.123402440065784,0.0120226020476023,3.20992090770878e-10,0.463475187809255
"68",0.0453520015666877,0.0148856941802878,0.23447127691093,0.0693400261866714,0.121438879791939,0.00780590594079004,1.68462871828035e-08,0.506706198576407
"69",0.0309538974173073,0.0184508644064357,0.227415637008096,0.0595442369675615,0.139390382751583,0.00942056263695407,5.48540381069358e-10,0.514824418263522
"70",0.0261862601942855,0.0170452056928537,0.194051015427444,0.0571871714616676,0.110558040486416,0.0089663059220226,2.18531865028164e-10,0.586006000596779
"71",0.0372469866151901,0.0231909089764513,0.219706535127936,0.0890666600508069,0.14192541379254,0.010427931482176,8.32971024361463e-10,0.478435563121929
"72",0.0152739727888588,0.0179818405253515,0.200397872885164,0.0509200458801079,0.113891314351411,0.00913447023140717,6.14291384209179e-10,0.592400482723408
"73",0.0506116949509947,0.0230115469536539,0.266495621720283,0.0827240558855203,0.186587482090316,0.00799455141952975,9.16986590339813e-11,0.382575046888004
"74",0.0260521037608938,0.0164758374693301,0.251598960253819,0.0638485391290749,0.144051367883609,0.00798513860726293,2.22139288648571e-10,0.489988052673872
"75",0.0420681977497424,0.0197602629961548,0.260910549168431,0.0850627019886334,0.108761850252707,0.0115677329270023,9.41381866501527e-11,0.471868704823192
"76",0.0409485935172682,0.0211346256945978,0.30286267729202,0.130934021782526,0.130588110154003,0.0104084794953846,1.5830624548631e-09,0.363123490481137
"77",0.0369640625391259,0.0209628392727299,0.22242556248636,0.0612816967625074,0.13554424234322,0.00986960985950357,1.2180859416726e-10,0.512951986614745
"78",0.0185940264101172,0.0230711600983974,0.230966830672469,0.0662240332640813,0.106118213448617,0.00893744207178314,1.06789102156224e-10,0.546088293927746
"79",0.0436611943264219,0.0173467319342506,0.216767187550729,0.0568231013589204,0.126779360561607,0.00767635420734933,5.68833135419588e-09,0.530946064372391
"80",0.0191204552085777,0.021079031590616,0.297672310458649,0.153372029216643,0.120497351654899,0.0136507438638396,1.08134921105142e-10,0.374608077898641
"81",0.0185580099835147,0.01671387608872,0.18094465458285,0.0378561815890012,0.115399176113303,0.0107266390089917,1.91934347672595e-10,0.619801462441684
"82",0.0299199500681803,0.0154472197110511,0.216045214842078,0.0616694055359687,0.126909409518953,0.00980191191331847,3.56116735213106e-10,0.540206888054334
"83",0.0279460077393557,0.0184532397299594,0.195709387535017,0.0621832728287788,0.128064911057761,0.00795573847207418,7.96272933286595e-11,0.559687442557427
"84",0.0206387260571359,0.0143870123173841,0.2311644659275,0.0483321537210856,0.112827296928572,0.0082336778204605,2.92246747070857e-11,0.564416667198637
"85",0.0305566252173593,0.0162087855027983,0.237111727740896,0.0619562043178892,0.12730235365311,0.00840722949041878,5.58387800098257e-11,0.51845707402169
"86",0.00906042087064361,0.0154752705058408,0.174968369897785,0.04965718725934,0.121449674447042,0.00646665906391547,2.78056105008103e-10,0.622922417677377
"87",0.0345110855126574,0.0226994886270249,0.244507390368047,0.0622513277690237,0.119091561467326,0.0122376738052838,1.16895352239564e-10,0.504701472333741
"88",0.0309390239724941,0.0264924249067509,0.227034501689476,0.063255415429128,0.123956668797005,0.0101768120915483,1.16250359815462e-09,0.518145151951094
"89",0.029124037743844,0.0213823453975909,0.300502848692668,0.101303567661349,0.112665052603604,0.0129013435182151,1.11409524375153e-08,0.422120793241776
"90",0.0196103632047843,0.019817918693755,0.170873459371476,0.0452885953848218,0.11310909986377,0.00897253597144777,1.35284152168513e-08,0.62232801398153
"91",0.0278481004127474,0.0268418995546932,0.277492538558796,0.113509622449159,0.140338465684762,0.0126571969318654,2.46023808293341e-10,0.401312176161953
"92",0.0438754960533998,0.0200749153437596,0.2373885236673,0.0935947506757512,0.115956706509269,0.00923742755928796,4.56406058801223e-10,0.479872179734826
"93",0.0343818094668073,0.0191092992531173,0.208548826740196,0.0608922456285889,0.10056283667716,0.00766415265155124,1.46463678069411e-10,0.568840829436115
"94",0.0235002179757576,0.0209217322359293,0.179488985072939,0.0518212838062958,0.138514303880426,0.00821545277198264,9.04468469218118e-12,0.577538024247625
"95",0.0259496700053077,0.0235664992150467,0.258404368145159,0.0587747374146097,0.11581213965795,0.0111835243744326,1.51159666392533e-09,0.506309059675897
"96",0.0422570029851792,0.0174096697307723,0.26526696557069,0.0823644702741784,0.125770016413356,0.0112976271941636,1.77474036349024e-09,0.455634246056919
"97",0.0261335756352701,0.0176148173140942,0.258938265953499,0.06149970300655,0.121433275719818,0.0096967692064589,1.00682723158009e-08,0.504683583096038
"98",0.0374761192972877,0.0200504403998322,0.236909507646708,0.0518219888731575,0.0980330491970861,0.0115027839389469,1.14389711853886e-10,0.544206110532592
"99",0.0511164832820738,0.0236228889822679,0.233566091766034,0.0873515983953237,0.152176042865956,0.0103722955207776,1.88806678940125e-09,0.4417945972995
"100",0.049050109077502,0.0230234055755362,0.259903946986833,0.0803544343846025,0.146783208456256,0.00976688716266373,8.65073172424169e-10,0.431118007491533
"101",0.015946678797373,0.0161408146763015,0.192935851772424,0.0582214624809509,0.0956528032876447,0.0080497605029988,5.75294690166293e-10,0.613052627907013
"102",0.0279933226860921,0.0189306408448661,0.207697859144631,0.0487778141384125,0.101021243215647,0.00734132782058826,8.13795670359493e-11,0.588237792068383
"103",0.0103571104353307,0.0159508566807409,0.175790881479622,0.0449954991456945,0.0810338648949012,0.00719250688347182,2.39237333269232e-11,0.664679280456315
"104",1.50706074056754e-05,0.0211212027671908,0.291846600262371,0.0573816106797797,0.0758805751057207,0.0127916692996763,3.33462849683278e-10,0.540963270944393
"105",0.0156920957310527,0.0130079083832008,0.17956710774872,0.0429696164653884,0.11378163541182,0.00694593185276293,3.89199108791499e-09,0.628035700515064
"106",0.0147400921703266,0.0195402826446258,0.201834433210604,0.0463842917551912,0.095670943517001,0.00816261743215666,3.50999400945635e-11,0.613667339234995
"107",0.044585604827863,0.0275730496858194,0.25647580365444,0.0866733836598252,0.167706516846648,0.0103078368322189,6.50030882178789e-10,0.406677803843155
"108",0.0350726997276549,0.0225803175056993,0.240947608262848,0.06943431636934,0.140997326438958,0.00879362402331328,8.86408789237592e-10,0.482174106785778
"109",0.0382271809773635,0.0183805189493338,0.268474329201046,0.0891614614572483,0.108000544985969,0.00786599371171179,1.91901376704223e-10,0.469889970525426
"110",0.0383460795927245,0.0219919180805454,0.257642776925454,0.0605352476550472,0.121689785098274,0.00674906463845714,7.7011354715309e-11,0.493045127932487
"111",0.0383590893119787,0.0262502647809414,0.246037581031915,0.069327186904756,0.123615087970894,0.0109488370689451,1.32596838820696e-09,0.485461951604602
"112",0.014787541344911,0.0148229033198284,0.163940150444661,0.0420713405276135,0.0900144793135878,0.00734461386977923,4.19723671562239e-10,0.667018970759895
"113",0.0110241243974836,0.0219618683053994,0.224543874892487,0.0559096810158123,0.111375530911555,0.0104412983051574,2.22224999385743e-10,0.56474362194988
"114",0.0262835850856614,0.0185776855959421,0.223713797504438,0.0576781984834707,0.099469498593663,0.00804880653524524,2.50535166629917e-10,0.566228427951044
"115",0.0303493927712323,0.0181117451395475,0.221033182968967,0.0587995850144971,0.101357092842476,0.00822861483382069,2.40686002504635e-10,0.562120386188773
"116",0.0521807461480763,0.0202999688753044,0.236650955679406,0.0580297051419522,0.118099105474131,0.0102926361645611,1.55670483086631e-11,0.504446882501002
"117",0.0510833372014912,0.0208878086511292,0.242201646834707,0.0708437698924584,0.132100211648749,0.00973728333081871,1.13956108812316e-10,0.473145942326691
"118",0.0239029268400398,0.0141923609335754,0.185154319721155,0.0515495908796299,0.112381314952985,0.00663533075456775,4.59103662368667e-11,0.606184155872136
"119",0.0183935792532175,0.0155900160107316,0.223103932919387,0.0605656684486874,0.120426304342878,0.00731446153583136,1.13839456564405e-09,0.554606036350872
"120",0.0132846285718199,0.0191566151282996,0.143084913630998,0.0373747733915897,0.09584640369416,0.00777978201134666,2.03894054475578e-09,0.683472881532846
"121",0.0212741611305921,0.0233814353724444,0.256263480743385,0.0588496849421393,0.101063028729979,0.0106207288342376,8.69625266089209e-08,0.528547393284696
"122",0.0256310621383584,0.0233928372641543,0.237731141177573,0.0551049236392914,0.098869265842505,0.00784728372001727,3.02623541194601e-10,0.551423485915477
"123",0.0389153463637936,0.0224565209853453,0.269483822545041,0.0670646240694116,0.123769300333026,0.0112217206125352,7.2158998516628e-10,0.467088664369257
"124",0.0549076024005827,0.0184015116450207,0.237338689189384,0.079449872687127,0.112612105522414,0.0096852459233091,5.29293597112065e-10,0.48760497210287
"125",0.0317674453905983,0.019448071900392,0.222728147559049,0.0359615066707711,0.129843715271449,0.0092091864476374,3.18571803771245e-11,0.551041926728246
"126",0.0238223086834734,0.0224132264118295,0.254626972029423,0.079326196391015,0.111580944151993,0.0106611481263211,6.25288333257502e-10,0.497569203580656
"127",0.00733949696006709,0.0129759399215782,0.176857300274797,0.0409706042608781,0.122313336733429,0.0060266411246822,3.19913014807205e-08,0.633516648733267
"128",0.0232262637773845,0.0172742529246108,0.201756825626064,0.0563331304217024,0.107508231658768,0.00635449350100333,2.11655094543859e-10,0.587546801878812
"129",0.0891434037809897,0.0200454865108386,0.323735480445901,0.0932376084191272,0.138522408843468,0.0130743706723664,7.42507791820222e-11,0.322241241253059
"130",0.0205396095234288,0.0169716088591732,0.21484029057604,0.0701688318251524,0.106212878415209,0.00988435585423712,1.28410659801047e-07,0.5613822965361
"131",0.0501623873623648,0.0271939986045668,0.242968235406348,0.10914137966939,0.147140911437667,0.0103511092204687,2.7029089673365e-11,0.413041978272166
"132",0.011572274223856,0.0153250474207974,0.132819842382402,0.0959155748680012,0.0895268347290432,0.00610913839049686,1.30240665358643e-10,0.648731287855163
"133",0.00230235795941403,0.0195037805822386,0.246084980476594,0.0777755161787834,0.121050728302917,0.00777227275021771,9.66643142661639e-10,0.525510362783192
"134",0.0306597706865138,0.0237330863482193,0.224276343632049,0.0493907242539925,0.138904518195764,0.00852165734303147,3.41389114531724e-10,0.524513899199041
"135",0.0562288486259532,0.0287607821515242,0.253888202371074,0.0402780030402383,0.151450247177033,0.0110085954674308,6.28789801852549e-09,0.458385314878848
"136",0.0150998146053487,0.0248292735302419,0.178620856264392,0.0507295968062824,0.130601362956746,0.00752970749678687,1.37324796099676e-09,0.592589386966954
"137",0.0609343511586426,0.0258463556160133,0.290292913967966,0.0944661215081063,0.141792072814287,0.0129916224269532,1.32404415022118e-07,0.373676430103617
"138",0.0421715880762438,0.0253492525073597,0.259419574273861,0.0703632572479974,0.15232898907427,0.0115495436619052,1.87198548187556e-10,0.438817794971165
"139",0.0184463788075686,0.0182450491823343,0.156955697936357,0.0589131588160238,0.108922189797906,0.00744152296911581,3.01239880885366e-10,0.631076002189455
"140",0.0481354307792334,0.0187615770407226,0.233971944689982,0.0861033881956436,0.131255581871873,0.00993202583260125,1.72781588821596e-10,0.471840051417162
"141",0.0571407413264504,0.0245278730554702,0.271377617354192,0.0972911574009132,0.156610777236264,0.00961711066325262,6.65996515659554e-08,0.383434656363807
"142",0.0199145202418946,0.026140041585908,0.250678962961271,0.0581088817282616,0.160025846137379,0.00794200998578869,2.24729835962564e-10,0.477189737134767
"143",0.010958793049882,0.0120682818287177,0.156329402087562,0.0505668187552604,0.106467315844957,0.00326355237957578,1.19106187571782e-10,0.660345835934939
"144",0.0264239324556648,0.0175130474295657,0.214413517408817,0.0633404375940496,0.111218797848801,0.00849555403860819,6.67144589510859e-10,0.558594712557349
"145",0.0270445441903003,0.0194471222563873,0.239657067698063,0.0647759006438486,0.116334397770975,0.00931923663906344,2.36109672435992e-10,0.523421730565254
"146",0.0611981866377268,0.020008168882132,0.268161620367442,0.126235127391291,0.133741558147231,0.0125209734200554,8.91228397562403e-10,0.378134364262894
"147",0.0236999906902636,0.0281337157321611,0.210452963941973,0.0514778506704217,0.138141184666674,0.00968987544897929,8.78227706478449e-10,0.538404417971299
"148",0.0289380175304319,0.0185259158726685,0.239696854245708,0.0726384923317629,0.106474630709512,0.00959576330340471,2.91327888786682e-10,0.524130325715185
