"","B_cells_naive","B_cells_memory","Plasma_cells","T_cells_CD8","T_cells_CD4_naive","T_cells_CD4_memory_resting","T_cells_CD4_memory_activated","T_cells_follicular_helper"
"1",0.03319931750545,0.0191983716893,0.230269844171383,0.072068101010102,0.152939555262481,0.00949193922312665,2.81434960650429e-09,0.482832868323807
"2",0.0296197506112285,0.0157964376584764,0.197418668271721,0.13922726608994,0.0918086083642239,0.00885792730530684,5.27258355442655e-10,0.517271341171844
"3",0.0175487479702889,0.0162500354916225,0.197486785956344,0.069659786341766,0.118756484268689,0.00894705810719517,8.48060330490703e-10,0.571351101016034
"4",0.0100562068065617,0.0103568288231052,0.0920005475794997,0.0764281121842275,0.0873521112481846,0.00618026222499745,1.6755037429856e-07,0.71762576358305
"5",0.0284876571552826,0.0144196213109142,0.211975958722406,0.0834840744406885,0.0909396028483247,0.0104157059680128,2.64651271471855e-10,0.56027737928972
"6",0.071209903416571,0.0162266335396353,0.363751814809046,0.24234907976275,0.289296097852078,0.0171586768048729,1.51617001202889e-06,6.27764503436786e-06
"7",0.029816581222369,0.018044829015178,0.242263311741004,0.0972013256405441,0.133539788177826,0.00989047668659362,1.84097806571133e-09,0.469243685675508
"8",0.0148748377073415,0.0152148739623188,0.174553881315728,0.0843661008843616,0.136892663032301,0.00848025039446061,7.89230130251107e-08,0.565617313780475
"9",0.0206734878303762,0.0163344303234745,0.190714843578466,0.0622374635256138,0.101229452782839,0.00671942070760805,5.03707690321064e-10,0.602090900747915
"10",0.0400462323816899,0.0186349380223673,0.231042287755167,0.065433344076967,0.114911885992319,0.00867517297024353,8.33594987514763e-10,0.521256137967652
"11",0.0298246605050675,0.0188891818161593,0.218692614530363,0.110183002013799,0.12216814152251,0.0105030545377727,3.44740928510656e-11,0.489739345039855
"12",0.016358492307204,0.0190138072172821,0.199784094673374,0.0798814270953345,0.113678817679539,0.00867469176646512,3.12892254164846e-10,0.562608668947909
"13",0.0296289532820507,0.0223571282375548,0.226602931905928,0.0826068847697336,0.147843670532055,0.010235362100677,1.11846218656479e-09,0.480725068053539
"14",0.0365010513266753,0.0179268551954495,0.218677814847685,0.104565713671093,0.1348334772831,0.0100190499081699,3.77887866828363e-08,0.477475999979041
"15",0.0406580484449523,0.0139600285521195,0.200103168639899,0.113844105025376,0.100801675986972,0.00779960035013264,4.65918252655219e-11,0.522833372953956
"16",0.0334639867649601,0.0203785113397915,0.257213000846683,0.0764224174914621,0.146628382164519,0.0105132253435354,8.27090715247878e-11,0.45538047596634
"17",0.0100796283070869,0.0127007489180836,0.165872742671609,0.0634682149160209,0.0964753594646489,0.00627506281099539,1.22270924163281e-10,0.645128242789284
"18",0.0210604519522018,0.0171045403665567,0.195877334313886,0.0705181472039651,0.110402197370622,0.00945402952692082,7.22423478192452e-11,0.575583299193605
"19",0.048690845389409,0.0165962150507406,0.261963092891934,0.110505563385484,0.132666942673601,0.00889141055691482,2.52048280477228e-10,0.420685929799868
"20",0.0126713355371816,0.0162647146037189,0.233838167190064,0.0485190673462877,0.11499241203379,0.010568189634044,6.64672751710515e-11,0.563146113588447
"21",0.0493252448785984,0.0203249041623711,0.234627351816255,0.0914680939666033,0.172898940882916,0.00997977410676354,7.26403996572746e-11,0.421375690113853
"22",0.0202050102094901,0.0198568889090718,0.275110291050664,0.0924174907881572,0.100015016583426,0.0130126289237387,4.39080917523914e-09,0.479382669144644
"23",0.0676074460718514,0.0163010151558713,0.256170868103163,0.122745089658605,0.137056650853606,0.0100672670909199,3.1887293362472e-10,0.39005166274711
"24",0.0176174270228083,0.0165003550191104,0.18863655778008,0.0753282529615942,0.0923130223327972,0.00847252347447846,1.82623585455083e-09,0.601131859582896
"25",0.0693721812929135,0.0175137770049303,0.243937782811624,0.0995062921373911,0.140184699363107,0.00785029219904696,4.42607758242066e-11,0.421634975146726
"26",0.031969854552934,0.0163229913053203,0.188624000188142,0.0922256187341603,0.109071220040825,0.00770379647702802,2.80556488440347e-11,0.554082518673535
"27",0.0349177475774209,0.0168631348285344,0.219820939686952,0.0955254508376501,0.144265388771397,0.00875738599950416,1.56136440866227e-10,0.479849952142405
"28",0.0198022373965675,0.0185703029179029,0.219773982411644,0.0824032480078064,0.112686035013264,0.00676024104592234,3.1794760075532e-10,0.540003952888945
"29",0.0251420322646355,0.014813809405515,0.173001975281523,0.0798883150451029,0.08757990604993,0.00824339480065684,5.21985498255162e-10,0.611330566630651
"30",0.0196463051051184,0.0162389289189192,0.176040959395508,0.0842030553706309,0.102999959116478,0.00831265572735747,1.69095846491652e-10,0.592558136196892
"31",0.00974942010909621,0.0173117658031151,0.191916381947283,0.0438223118658721,0.132782590984002,0.00939286334673576,2.02462710332901e-10,0.595024665741434
"32",0.0231867835595515,0.0148991251293641,0.218331135189955,0.122613724064032,0.113740862145217,0.0109040313417498,4.54877213759365e-10,0.496324338115254
"33",0.0276278236518955,0.0172364365415295,0.184902598076728,0.101707980595122,0.0965541944233587,0.00927112267475558,1.00157085369489e-10,0.562699843936453
"34",0.050054591428979,0.0169673041560182,0.246219771698664,0.0588633229041949,0.124143009159728,0.0075034400306422,5.94410506398906e-10,0.496248560027363
"35",0.0370256601218125,0.0128799898891099,0.273537760392835,0.151098113821863,0.0985763183374978,0.0113591840592629,1.01911032166181e-09,0.415522972358509
"36",0.0142605570405447,0.0196613419261789,0.219978404285717,0.0567194770284343,0.131215251080858,0.00828991904931925,1.93910435597581e-10,0.549875049395038
"37",0.0219530232694012,0.0141918821521804,0.2046155009803,0.048282242260354,0.151568158106442,0.00615162935476573,3.85261017333134e-10,0.553237563491295
"38",0.0182796442008786,0.0149754523049933,0.171513993349497,0.079915008473541,0.0991095885794665,0.00698339928539502,3.09880864953502e-10,0.609222913496348
"39",0.0109006493495962,0.0197286414827579,0.23296276621696,0.0514005985263638,0.103772626649274,0.00829349810159906,2.83265390347994e-10,0.572941219390183
"40",0.00721376845879026,0.0126782769102487,0.165752226385814,0.0675129010265334,0.0857253779330765,0.0069390690936876,2.85428631483186e-11,0.654178380163307
"41",0.0130391323644959,0.0163819143452777,0.189058210416269,0.103527082559485,0.0953592692195253,0.00927508024339147,2.25195920112894e-09,0.573359308599596
"42",0.0286720522794033,0.0191538285586722,0.195598694805152,0.0762789995127867,0.132625067758495,0.00859342436244379,8.72743750687972e-11,0.539077932635773
"43",0.0353377555348634,0.0169349567210922,0.192151367404155,0.0997573457410988,0.116517142486421,0.00802792121642406,9.1988336134883e-10,0.531273509976062
"44",0.0165468719582418,0.0139884528015893,0.129689432617118,0.0834940508908505,0.0920682337749051,0.00724341837073933,8.74141373137747e-11,0.656969539499141
"45",0.016652918230174,0.0189625408119607,0.186407536669772,0.0713321073599809,0.14395715820569,0.0101251240774278,3.74595286051703e-10,0.5525626142704
"46",0.0184847409117645,0.0185934464646545,0.225102715040578,0.0750038736685945,0.141019718470198,0.00652098463680229,5.76384101903299e-10,0.515274520231024
"47",0.0459837870421471,0.0220951099769058,0.251060189961354,0.109541953443821,0.152914067530977,0.0107601911003838,1.17165706515976e-09,0.407644699772754
"48",0.0514255172145613,0.0206229380504469,0.227852232030757,0.0697872772729235,0.139388278683458,0.00992876044054111,2.48343036661266e-10,0.48099499605897
"49",0.0351562968428915,0.0215138160434798,0.278855556572939,0.103683996313734,0.11765724438433,0.0134783385834692,1.06074947395709e-09,0.429654750198407
"50",0.0555863848599897,0.0161599251509967,0.227450824370553,0.0694226506750007,0.156006791319353,0.0062080031360447,4.62602120857533e-11,0.469165420441802
"51",0.0377124469877242,0.0155351363608198,0.226674273482567,0.0695940476516291,0.118451584482059,0.00798957043551147,1.58948928734515e-10,0.52404294044074
"52",0.0402180981485018,0.0187664797603135,0.226028592557983,0.0905677940604031,0.145272654929838,0.00978130773215359,1.31121521216627e-10,0.469365072679685
"53",0.0231185643783613,0.0138947018102511,0.145041958430273,0.0731763589139832,0.114226834474002,0.00659019694363695,7.28684961275074e-10,0.623951384320808
"54",0.0514198640138775,0.0187083171504348,0.2359576021258,0.108103587883649,0.143829997699138,0.0100196993607085,6.7915269969564e-10,0.431960931087239
"55",0.0222600564346472,0.0156935531471983,0.230856068348546,0.121228562812591,0.131589051734376,0.0115814495395814,1.34850848146561e-09,0.466791256634551
"56",0.0305989725986572,0.0165778588067821,0.243283505533823,0.124878068352805,0.103347175689241,0.0111587981329777,2.32165032774068e-10,0.470155620653549
"57",0.0160682185097987,0.0238171025941447,0.203085918871827,0.0562372743657499,0.148736476889097,0.00930463851017176,1.81111361113082e-10,0.5427503700781
"58",0.00731831674443264,0.0117752876257296,0.173339284087471,0.0527113779734456,0.110951670673757,0.00562589995040622,7.51894125510715e-10,0.638278162192863
"59",0.00900107492902116,0.0149817636199988,0.190577371417062,0.0938465057786631,0.115880077200733,0.00737517688409639,8.80381786635479e-10,0.568338029290044
"60",0.0113811186863188,0.0122334875407101,0.153103299930976,0.0748617599201321,0.102049464694307,0.00709817757210996,2.69257708319591e-09,0.639272688962869
"61",0.00971450853707169,0.0156707651107636,0.187433478476787,0.0593576218368464,0.115114619931079,0.00749842454920941,3.4842769055351e-10,0.605210581209815
"62",0.00780226554505927,0.020300637437168,0.192813827594147,0.0482479171930047,0.105955261933736,0.00782492123579886,7.56713559048653e-10,0.617055168304372
"63",0.0308741250525692,0.016261836136341,0.186467190185191,0.069648529247304,0.140411493678226,0.0084453537515599,3.62325663255605e-09,0.547891468325552
"64",0.0274740332172306,0.0166599577892624,0.198218773327177,0.0577718298444106,0.111058719685827,0.00982452453547514,1.96203703403615e-08,0.578992141980248
"65",0.0143177795374016,0.0218241983619527,0.192197501024157,0.0844024595612429,0.135335182703449,0.00849699937633711,5.22729994302764e-11,0.543425879383187
"66",0.0243778649864505,0.0153748665020183,0.213766484821824,0.10625497252774,0.106185880968225,0.00910979983920042,1.18035894381288e-10,0.524930130236506
"67",0.0135587535305153,0.0187067038087325,0.202861217302997,0.0777644464273646,0.129337264302546,0.00909929280095811,1.75043686647661e-10,0.548672321651843
"68",0.0222401468765868,0.0171194862646425,0.22985135459259,0.0683288663079898,0.121807835909418,0.00980161092427095,4.81989534905876e-11,0.530850699076303
"69",0.00963025086738905,0.0190925053316633,0.200710897556439,0.0848945692865084,0.121406888853091,0.00690136871542313,4.79762526530723e-08,0.557363471413234
"70",0.0168401413546661,0.0181090064228186,0.209074951580948,0.0556842498083426,0.11213475748829,0.00751351122387158,8.5864128320093e-10,0.580643381262423
"71",0.0195384428309747,0.0140727091871093,0.154053632303346,0.0678245591974884,0.116313409708402,0.0068530812086974,1.07800245029728e-08,0.621344154783958
"72",0.0366814390574544,0.016551458895258,0.23722495680065,0.130941363087122,0.115574225580786,0.0101015750184306,2.55060375277845e-09,0.452924979009695
"73",0.0607315835789232,0.0154148294355367,0.259645691887188,0.124333893465683,0.126096785722736,0.0082933625591054,1.5199958296215e-09,0.405483851830831
"74",0.0262754424321531,0.0118495226673224,0.193105292246714,0.0541001450390705,0.121693366543509,0.00600757438207958,1.14200030685389e-10,0.586968656574951
"75",0.0137364404902546,0.0187764446631558,0.182414017955973,0.110132274680876,0.121500256586014,0.0077993348612953,1.65795929767225e-09,0.545641229104472
"76",0.0342715127023939,0.0205718487566193,0.23437724483137,0.113961796338733,0.120525101207941,0.010832394710082,2.94847284338526e-10,0.465460101158013
"77",0.0470388277543699,0.0189139677745742,0.231097864387424,0.135904873064097,0.108997007043416,0.0107292681641672,3.46086906951368e-11,0.447318191777343
"78",0.035014570329671,0.0185884772020461,0.240871097058188,0.0804817839510796,0.110000474006945,0.0100772722214652,7.3508672801317e-10,0.504966324495518
"79",0.00699323810227471,0.0134590058012268,0.156695516496238,0.0642046841262008,0.117997764546962,0.00752401456869418,4.45256827264075e-10,0.633125775913148
"80",0.0917931667979313,0.0244987332352242,0.345627766109099,0.173487506120078,0.350380981473907,0.011005279845553,5.14627612435375e-05,0.00315510365696414
"81",0.0300083887888527,0.0188522228325868,0.208299231395739,0.116195120510602,0.132762068625203,0.00995125519358778,6.19998104391331e-10,0.483931712033431
"82",0.0321570357489044,0.0159474351363869,0.211738385880874,0.103357189184357,0.127828653498027,0.00900442731109174,5.89275447760055e-11,0.499966873181432
"83",0.0444734533424069,0.0162170637859118,0.233208019420896,0.0707753198052661,0.116237594182955,0.00854131711677217,1.05912319103458e-10,0.51054723223988
"84",0.0370936345934863,0.0157027629943749,0.236731022916602,0.1039835462256,0.0870302265151187,0.010221166902829,9.77112798491774e-12,0.509237639842218
"85",0.0491994215105532,0.0229741854397806,0.241166252719407,0.0997582459368565,0.157349934963921,0.00972076547265873,3.29287016459419e-08,0.419831161028121
"86",0.0258455224840831,0.0156245788642521,0.226917201879848,0.0618758894930102,0.133791993213776,0.007688076870219,8.39753052848053e-10,0.528256736355059
"87",0.0221895877061567,0.0147021494265529,0.200223911404731,0.0842992013157003,0.119168168914932,0.00741651968272504,4.56834838690322e-10,0.552000461092367
"88",0.0168616970127918,0.0149805973989199,0.19321908680881,0.0572489285825172,0.0585571355979454,0.0082040588817302,2.89765825732173e-10,0.650928495427519
"89",0.0136708014477333,0.0131586857269205,0.137761273146472,0.0860193981743098,0.105738924369029,0.00696070578488879,3.35498108267944e-10,0.636690211015148
"90",0.0215497891823155,0.0169584820513929,0.222568170349277,0.0774912402605468,0.139806060591003,0.00886242479985082,4.31308292273741e-10,0.512763832334305
